20 0.673016 0.603982 0.012532 0.017463
20 0.602041 0.630520 0.012788 0.020253
20 0.542833 0.658980 0.013557 0.019207
20 0.509457 0.721663 0.013811 0.017460
20 0.394106 0.381715 0.013301 0.017110
20 0.410348 0.336145 0.012019 0.018157
20 0.464954 0.355525 0.013301 0.017810
20 0.525057 0.326890 0.012278 0.019207
20 0.558306 0.264558 0.012788 0.016763
20 0.592963 0.288130 0.012532 0.016413
20 0.596543 0.426063 0.012534 0.017807
20 0.613295 0.492935 0.013811 0.018157
20 0.656519 0.650077 0.012788 0.017460
25 0.052833 0.843130 0.032556 0.047653
25 0.018832 0.724163 0.032844 0.044487
21 0.662744 0.829188 0.015347 0.021790
23 0.472520 0.649798 0.015347 0.021790
26 0.491088 0.319382 0.015652 0.022210
0 0.425437 0.374730 0.018159 0.024793
0 0.465209 0.400048 0.016370 0.023050
0 0.543856 0.361113 0.016624 0.022000
0 0.523268 0.622315 0.016370 0.023397
0 0.602297 0.583728 0.016880 0.023743
0 0.640535 0.607822 0.018672 0.025143
22 0.563165 0.308907 0.017903 0.024447
22 0.604088 0.460635 0.018416 0.026890
22 0.462268 0.525935 0.009976 0.015017
22 0.503701 0.676615 0.021230 0.027237
20 0.453827 0.493110 0.014578 0.019207
20 0.470836 0.560505 0.013298 0.017810
20 0.475439 0.698267 0.012788 0.017460
21 0.031864 0.640487 0.012092 0.018160
21 0.077208 0.766785 0.015720 0.026417
21 0.091959 0.993272 0.012097 0.010510
21 0.361949 0.694473 0.015408 0.019520
21 0.214031 0.584865 0.014297 0.022523
21 0.122500 0.456142 0.014365 0.022123
21 0.195424 0.281402 0.016575 0.020617
21 0.301310 0.163987 0.018416 0.027153
21 0.651473 0.044993 0.015559 0.022407
21 0.673105 0.254367 0.015347 0.022700
21 0.920237 0.236762 0.015132 0.020663
21 0.903612 0.415000 0.015559 0.021533
21 0.777115 0.399285 0.016199 0.022117
21 0.724897 0.540858 0.015347 0.021823
21 0.829440 0.666717 0.015559 0.020953
21 0.845532 0.930798 0.018755 0.022990
21 0.636445 0.993553 0.017051 0.012893
21 0.394537 0.886130 0.016199 0.021533
21 0.508672 0.783407 0.016411 0.023280
21 0.820148 0.121497 0.015134 0.021533
25 0.373004 0.581483 0.032458 0.043447
25 0.390410 0.644842 0.018994 0.026270
25 0.692203 0.424975 0.027507 0.037383
27 0.578169 0.666930 0.022646 0.030920
