21 0.489590 0.834213 0.012817 0.016893
21 0.633007 0.807663 0.010608 0.015687
21 0.809568 0.751243 0.011934 0.013880
21 0.907020 0.689997 0.013259 0.015687
21 0.932432 0.899685 0.011934 0.016290
21 0.780178 0.894857 0.011489 0.016293
21 0.312186 0.732278 0.013044 0.013617
21 0.307455 0.913863 0.012278 0.016413
21 0.106169 0.992083 0.013813 0.015713
20 0.496027 0.579392 0.010657 0.015037
20 0.533324 0.598427 0.009592 0.014307
21 0.007205 0.510970 0.013506 0.017600
21 0.048639 0.618035 0.014119 0.016343
21 0.182146 0.487712 0.012891 0.016343
21 0.298774 0.591005 0.012275 0.015083
21 0.190586 0.241107 0.012583 0.015087
21 0.303378 0.174688 0.014734 0.016343
21 0.601700 0.140327 0.011663 0.014667
21 0.586814 0.296628 0.011357 0.016343
21 0.711577 0.218058 0.011045 0.015923
21 0.762983 0.320933 0.010742 0.016340
21 0.851682 0.243202 0.010127 0.016763
21 0.896031 0.206327 0.004910 0.014247
21 0.896646 0.367028 0.006138 0.016343
21 0.870715 0.447073 0.008911 0.015520
21 0.834801 0.096327 0.011970 0.015507
24 0.899867 0.247810 0.011355 0.026820
1 0.898180 0.286992 0.013503 0.027237
21 0.644055 0.421475 0.012373 0.016897
21 0.728469 0.448930 0.010605 0.016293
21 0.829235 0.569312 0.008840 0.014483
21 0.646927 0.616077 0.010164 0.013880
21 0.590135 0.517720 0.011492 0.017500
21 0.411365 0.673705 0.011934 0.016897
21 0.517213 0.716848 0.009724 0.015083
25 0.328683 0.553312 0.017903 0.024443
25 0.580225 0.427948 0.022251 0.030730
25 0.583678 0.474218 0.011765 0.017810
25 0.835989 0.418172 0.022764 0.030030
25 0.832920 0.329998 0.022251 0.033870
21 0.636276 0.981932 0.012078 0.014383
21 0.004081 0.027377 0.008162 0.023973
20 0.360417 0.366718 0.011899 0.017943
20 0.377559 0.333253 0.011367 0.015520
20 0.420096 0.356533 0.011189 0.016973
20 0.469028 0.343680 0.011724 0.016973
20 0.502953 0.301363 0.010300 0.014307
20 0.526042 0.325008 0.010303 0.016490
20 0.513610 0.431223 0.010657 0.015033
20 0.518761 0.483360 0.009236 0.013580
20 0.548866 0.567750 0.010125 0.015520
21 0.104402 0.367548 0.014146 0.020370
25 0.320753 0.506170 0.022507 0.031427
21 0.053866 0.789897 0.013044 0.016413
25 0.022151 0.672740 0.030947 0.038413
20 0.450024 0.594183 0.011367 0.015520
20 0.419474 0.634923 0.011013 0.016007
20 0.396118 0.616130 0.009414 0.013340
20 0.405443 0.515613 0.011013 0.016007
20 0.397717 0.463475 0.011899 0.016977
26 0.443275 0.330100 0.012434 0.017947
0 0.387148 0.364172 0.019536 0.024010
0 0.416455 0.393393 0.015986 0.020853
0 0.480928 0.375933 0.015630 0.021340
0 0.501176 0.547867 0.013499 0.019887
0 0.439366 0.566902 0.013855 0.019157
0 0.526130 0.568115 0.016162 0.020610
22 0.418676 0.600732 0.017229 0.020370
22 0.400204 0.487725 0.018650 0.020857
22 0.514763 0.456078 0.016162 0.023037
22 0.501000 0.334950 0.016340 0.021827
27 0.473569 0.602485 0.017764 0.022230
23 0.397269 0.578538 0.011990 0.015963
