24 0.556829 0.992322 0.014731 0.013410
21 0.982704 0.243930 0.016877 0.020993
21 0.833058 0.362732 0.016877 0.020997
21 0.878064 0.522757 0.016128 0.021507
21 0.983831 0.690973 0.016128 0.018947
24 0.518835 0.348190 0.019126 0.027140
1 0.558163 0.505652 0.022234 0.033797
21 0.559078 0.807982 0.011252 0.017410
24 0.523148 0.525623 0.017253 0.025607
24 0.518273 0.458798 0.021003 0.028163
21 0.951012 0.862262 0.016501 0.020483
21 0.522323 0.577803 0.011252 0.015873
21 0.535264 0.473852 0.011626 0.017923
21 0.555704 0.303332 0.012751 0.019970
21 0.650968 0.258780 0.015002 0.018947
21 0.691473 0.483070 0.013503 0.018947
21 0.700475 0.610832 0.013503 0.020483
21 0.655657 0.791853 0.013877 0.018947
21 0.710542 0.092878 0.018003 0.025810
25 0.664860 0.055088 0.041858 0.058377
25 0.659481 0.656972 0.031130 0.037383
25 0.662670 0.546875 0.032253 0.041477
