22 0.852288 0.456933 0.015171 0.021220
22 0.917350 0.342420 0.014309 0.020547
22 0.937762 0.450703 0.010730 0.020207
0 0.910492 0.367512 0.014309 0.019197
0 0.863929 0.369617 0.012952 0.019027
0 0.835808 0.343010 0.013691 0.019367
26 0.875154 0.326927 0.009497 0.014820
20 0.818356 0.337620 0.012087 0.014653
20 0.851658 0.430158 0.011099 0.011450
20 0.859552 0.480425 0.011594 0.014650
20 0.858071 0.580457 0.011099 0.014987
20 0.878546 0.606223 0.013074 0.014313
20 0.900439 0.570100 0.012212 0.013473
20 0.967600 0.591993 0.011348 0.014820
20 0.936393 0.566143 0.011594 0.014653
20 0.978453 0.564797 0.010359 0.016000
20 0.946138 0.473185 0.008882 0.013643
20 0.936578 0.424347 0.011223 0.012293
20 0.936825 0.334925 0.009744 0.011957
20 0.918262 0.311097 0.008140 0.013807
20 0.897295 0.341325 0.009375 0.013303
20 0.862512 0.340483 0.008882 0.012967
24 0.354060 0.570827 0.005967 0.013387
24 0.364408 0.678497 0.007483 0.023280
24 0.384113 0.899948 0.007249 0.022117
24 0.332001 0.288557 0.005754 0.019207
24 0.319851 0.137090 0.003623 0.013093
20 0.829888 0.311348 0.010483 0.012630
21 0.532827 0.540180 0.012432 0.018913
21 0.460042 0.208268 0.013145 0.020610
21 0.507980 0.056463 0.013855 0.018913
25 0.470149 0.026637 0.031260 0.040740
25 0.774099 0.481838 0.021738 0.030030
25 0.489502 0.483180 0.029170 0.042720
25 0.501965 0.597227 0.028638 0.042000
24 0.296940 0.381560 0.020037 0.025607
24 0.305146 0.489930 0.023232 0.029100
24 0.313564 0.563262 0.018330 0.026190
27 0.919126 0.587362 0.014800 0.023743
22 0.873550 0.574817 0.014678 0.022567
23 0.855297 0.545767 0.008757 0.015327
0 0.940464 0.530948 0.014800 0.019703
0 0.957793 0.561258 0.014185 0.019030
0 0.892361 0.536757 0.014556 0.020880
21 0.687617 0.207425 0.011084 0.018917
21 0.603215 0.307820 0.013213 0.017167
21 0.506985 0.422910 0.013428 0.019207
21 0.656926 0.437460 0.012363 0.017460
21 0.769888 0.727297 0.012788 0.017460
21 0.869315 0.658330 0.010442 0.017460
21 0.757100 0.562737 0.011509 0.017753
21 0.989418 0.547168 0.010232 0.016297
21 0.962136 0.346087 0.008525 0.013967
21 0.974498 0.205680 0.008953 0.014260
21 0.993253 0.046065 0.009377 0.013383
21 0.860470 0.043882 0.010657 0.015423
21 0.783102 0.162465 0.010232 0.018043
21 0.964374 0.731810 0.010872 0.016587
21 0.980785 0.833950 0.013855 0.013093
21 0.827754 0.879928 0.016411 0.011350
21 0.616429 0.958063 0.017478 0.017460
21 0.517961 0.747087 0.013213 0.020953
21 0.406812 0.833805 0.015132 0.021537
21 0.444430 0.933473 0.005969 0.020080
21 0.394449 0.992127 0.005754 0.015747
21 0.375161 0.807177 0.004688 0.018333
21 0.368446 0.709692 0.004050 0.017750
21 0.313671 0.625885 0.013000 0.017750
21 0.324647 0.501773 0.013640 0.017460
21 0.355552 0.291233 0.014492 0.018913
21 0.328271 0.233760 0.004263 0.016880
21 0.316655 0.082702 0.003623 0.016877
1 0.373757 0.484162 0.023623 0.032010
21 0.387332 0.074088 0.007246 0.018917
