21 0.859681 0.156848 0.014919 0.021823
21 0.636742 0.011638 0.014495 0.017750
21 0.509330 0.049820 0.006609 0.019207
21 0.668926 0.541408 0.014492 0.020370
21 0.641537 0.413222 0.014280 0.019497
21 0.821210 0.424425 0.014280 0.018623
21 0.987776 0.086717 0.014492 0.020660
21 0.645374 0.770862 0.015986 0.021823
21 0.525059 0.854670 0.016626 0.022407
21 0.557562 0.966850 0.004475 0.019787
21 0.445453 0.630017 0.013855 0.017753
21 0.457281 0.501830 0.013640 0.017460
21 0.483285 0.281107 0.012361 0.018333
21 0.587827 0.183185 0.014707 0.020950
21 0.756221 0.281103 0.014209 0.017580
21 0.947097 0.569663 0.014580 0.019907
21 0.961420 0.767660 0.015090 0.022000
25 0.621051 0.479848 0.030691 0.044697
25 0.631537 0.603815 0.032224 0.045397
25 0.969459 0.469325 0.023831 0.031323
1 0.498441 0.482852 0.024866 0.034437
24 0.445424 0.564575 0.017761 0.026917
24 0.437699 0.490127 0.022913 0.030313
24 0.431482 0.379183 0.019717 0.025220
