21 0.138834 0.006887 0.021638 0.013773
21 0.064373 0.443455 0.024185 0.030410
21 0.236525 0.690228 0.022273 0.032150
21 0.219023 0.988270 0.022910 0.023460
21 0.422360 0.910067 0.022273 0.033887
21 0.802302 0.683278 0.018457 0.030410
21 0.913356 0.519052 0.017820 0.030410
21 0.909220 0.926578 0.022273 0.032150
21 0.814393 0.260112 0.019729 0.028677
25 0.295712 0.537300 0.043914 0.061693
25 0.297303 0.634183 0.033093 0.041707
25 0.794028 0.506887 0.043911 0.054740
20 0.403904 0.761482 0.022275 0.033890
20 0.448771 0.815790 0.020364 0.031280
20 0.516868 0.746275 0.019092 0.031283
20 0.611058 0.738020 0.017820 0.030413
20 0.681700 0.795370 0.021638 0.030413
20 0.717657 0.737587 0.022273 0.031280
20 0.670244 0.543817 0.022910 0.031280
20 0.442089 0.556415 0.022273 0.032150
20 0.439225 0.449537 0.021638 0.030413
20 0.665790 0.438242 0.024182 0.030410
20 0.701111 0.242298 0.021001 0.029543
20 0.660380 0.189728 0.024822 0.032150
20 0.593237 0.253595 0.022910 0.029543
20 0.500002 0.257505 0.021001 0.028677
20 0.429042 0.199288 0.019094 0.026937
20 0.388629 0.254030 0.021003 0.030413
0 0.437316 0.265325 0.029275 0.037363
0 0.487911 0.324847 0.027366 0.038233
0 0.612012 0.320502 0.029912 0.045183
0 0.625695 0.675023 0.025457 0.041707
0 0.500002 0.684582 0.029912 0.039970
27 0.563962 0.775818 0.036914 0.055610
23 0.416632 0.685015 0.023547 0.032150
22 0.450999 0.747143 0.026094 0.036493
22 0.440815 0.509493 0.015908 0.018247
22 0.665790 0.489507 0.030549 0.046053
22 0.651470 0.254028 0.033730 0.042577
26 0.547416 0.224487 0.020364 0.033887
0 0.670784 0.731258 0.030054 0.045257
