21 0.078809 0.424395 0.020869 0.030170
21 0.247949 0.659982 0.022100 0.030590
21 0.236747 0.941577 0.021790 0.029753
21 0.427343 0.868663 0.022405 0.031427
21 0.886793 0.878092 0.019949 0.028497
21 0.788580 0.654323 0.020564 0.028493
21 0.898917 0.495507 0.020256 0.029333
21 0.807762 0.241777 0.020872 0.029753
25 0.302501 0.514872 0.045081 0.059137
25 0.306036 0.608100 0.026516 0.040427
25 0.781583 0.484640 0.040662 0.049480
20 0.428016 0.187215 0.018562 0.027757
20 0.391776 0.241817 0.019446 0.027167
20 0.500055 0.246348 0.018562 0.027757
20 0.590658 0.242427 0.019446 0.028360
20 0.656287 0.178163 0.018120 0.027760
20 0.696064 0.230058 0.018120 0.028963
20 0.661150 0.421040 0.024307 0.027153
20 0.439950 0.433712 0.020330 0.030777
20 0.444369 0.538103 0.020330 0.029567
20 0.410117 0.732705 0.020771 0.028963
20 0.449451 0.783092 0.021655 0.029570
20 0.514861 0.715207 0.019888 0.026553
20 0.605463 0.707663 0.018123 0.027153
20 0.672197 0.763178 0.020771 0.025950
20 0.708439 0.708870 0.019890 0.028360
20 0.663138 0.524525 0.020330 0.028963
27 0.560824 0.744713 0.034031 0.045860
23 0.419177 0.661743 0.021216 0.030773
26 0.546682 0.212498 0.022539 0.031377
0 0.438402 0.253832 0.031379 0.036810
0 0.487902 0.313268 0.025193 0.036203
0 0.608339 0.306930 0.028293 0.036807
0 0.498508 0.656977 0.026958 0.036807
0 0.618501 0.649433 0.028286 0.038620
0 0.662916 0.701027 0.030496 0.040427
22 0.454534 0.713095 0.022100 0.030777
22 0.444369 0.486813 0.013259 0.017500
22 0.658939 0.474140 0.027844 0.040427
22 0.648774 0.241763 0.028726 0.035600
