21 0.058307 0.424855 0.021790 0.027657
21 0.232020 0.659310 0.022405 0.028913
21 0.220562 0.939678 0.021216 0.030170
21 0.412372 0.860028 0.022097 0.031377
21 0.600204 0.990053 0.019446 0.019893
21 0.843059 0.858218 0.017236 0.025343
21 0.994563 0.580343 0.010874 0.028360
21 0.755110 0.648530 0.017236 0.023533
21 0.855876 0.496165 0.016353 0.026550
25 0.749585 0.485605 0.039775 0.047670
21 0.772567 0.255703 0.019446 0.028360
21 0.983822 0.176050 0.014143 0.023533
25 0.286635 0.514268 0.041101 0.060343
25 0.289728 0.606288 0.031379 0.048877
23 0.406184 0.658183 0.022100 0.028360
20 0.379446 0.250272 0.019004 0.025950
20 0.415907 0.196567 0.020330 0.028360
20 0.485624 0.256318 0.018416 0.027657
20 0.573094 0.253383 0.020256 0.028493
20 0.634785 0.191993 0.019028 0.026400
20 0.672075 0.242698 0.019336 0.028917
20 0.435677 0.777508 0.020110 0.027997
20 0.497977 0.708060 0.019319 0.025840
20 0.395065 0.729595 0.019319 0.025843
20 0.431144 0.537942 0.022083 0.029070
20 0.427003 0.436463 0.018533 0.024227
20 0.638546 0.425697 0.019714 0.026380
20 0.639333 0.525830 0.018926 0.028533
20 0.681525 0.701602 0.021292 0.029070
20 0.648601 0.753822 0.017744 0.024763
20 0.584526 0.701063 0.018926 0.025840
27 0.542140 0.737132 0.031150 0.043070
22 0.439030 0.710485 0.026023 0.036070
22 0.635112 0.476273 0.026011 0.039627
22 0.627555 0.255848 0.028752 0.040377
26 0.529528 0.223697 0.019988 0.029907
22 0.428351 0.490442 0.012048 0.021310
0 0.473942 0.320713 0.025466 0.038507
0 0.425338 0.259775 0.033953 0.040750
0 0.589220 0.317162 0.025466 0.035890
0 0.597982 0.646155 0.025466 0.036637
0 0.481882 0.654938 0.025464 0.035517
0 0.638507 0.695315 0.026560 0.040750
