20 0.586411 0.075047 0.042998 0.057053
0 0.807402 0.664060 0.069492 0.096947
0 0.922412 0.820540 0.070605 0.097587
20 0.036597 0.304027 0.049482 0.067573
20 0.043198 0.625347 0.049482 0.064560
20 0.389062 0.846067 0.043984 0.067573
20 0.583716 0.846067 0.046182 0.064560
20 0.383511 0.073540 0.046299 0.051053
22 0.488037 0.838553 0.054980 0.070573
20 0.929585 0.620093 0.045088 0.063067
20 0.931782 0.292007 0.051689 0.070573
0 0.035601 0.074547 0.069424 0.097573
0 0.929570 0.064973 0.071914 0.094853
0 0.153403 0.236453 0.069756 0.097600
0 0.808062 0.233893 0.063779 0.092480
0 0.159219 0.666327 0.070391 0.093720
0 0.049424 0.822020 0.069121 0.089560
