0 0.810825 0.231853 0.067803 0.096027
20 0.929580 0.617087 0.040684 0.060067
20 0.930684 0.292760 0.049492 0.060053
20 0.385161 0.072047 0.049600 0.051053
0 0.155918 0.667387 0.068184 0.088587
0 0.047593 0.825040 0.067080 0.088587
0 0.926279 0.822040 0.071484 0.097600
22 0.488589 0.837060 0.058291 0.076573
20 0.581460 0.071293 0.046299 0.043547
20 0.389609 0.847567 0.042891 0.058547
20 0.042100 0.626093 0.047285 0.063067
20 0.037695 0.299520 0.053887 0.064560
0 0.481860 0.056740 0.067080 0.091587
0 0.036104 0.073873 0.071152 0.096520
0 0.930288 0.065307 0.070869 0.096853
0 0.153169 0.237413 0.064893 0.090507
0 0.809160 0.662887 0.070391 0.094573
20 0.586465 0.848320 0.042891 0.060053
