0 0.904175 0.846444 0.029867 0.040513
20 0.986311 0.947017 0.021502 0.031056
20 0.904396 0.916937 0.021502 0.031056
20 0.815317 0.959603 0.021502 0.031056
20 0.708527 0.808285 0.021502 0.031056
20 0.680147 0.710589 0.021502 0.031056
22 0.754956 0.981328 0.031473 0.037344
22 0.906985 0.657495 0.023144 0.033702
22 0.695379 0.758823 0.015869 0.023843
22 0.845468 0.431680 0.030243 0.037666
20 0.921797 0.708466 0.021502 0.031056
20 0.895928 0.606881 0.021502 0.031046
20 0.891016 0.398506 0.021502 0.031056
20 0.838807 0.363667 0.020884 0.027696
20 0.787231 0.458385 0.021502 0.031056
20 0.590939 0.542948 0.022732 0.029799
20 0.697688 0.501403 0.021193 0.030634
20 0.615180 0.472822 0.018432 0.031056
0 0.961988 0.882002 0.031576 0.039920
0 0.786211 0.904733 0.031141 0.039930
0 0.698015 0.570015 0.029138 0.040815
0 0.816458 0.512022 0.029867 0.040503
0 0.638328 0.531665 0.027997 0.039869
