20 0.517165 0.851137 0.022342 0.030060
20 0.418321 0.901896 0.022342 0.030050
22 0.461937 0.870282 0.028748 0.036258
22 0.612750 0.541972 0.028756 0.036258
22 0.548093 0.310468 0.028748 0.036268
22 0.403947 0.645518 0.028748 0.036268
0 0.604448 0.739960 0.030427 0.042012
0 0.486811 0.792606 0.030427 0.042012
0 0.398906 0.456056 0.030420 0.042012
0 0.514102 0.393803 0.030427 0.042012
0 0.669345 0.781328 0.030427 0.042012
0 0.348196 0.418249 0.030427 0.042012
20 0.325519 0.363778 0.018432 0.027153
20 0.401068 0.388058 0.018424 0.027163
20 0.487198 0.341056 0.020744 0.028350
20 0.535957 0.244024 0.022342 0.030060
20 0.587644 0.274386 0.022342 0.030060
20 0.622596 0.595890 0.022349 0.030050
20 0.595022 0.490423 0.022342 0.030060
20 0.386171 0.595080 0.022342 0.030060
20 0.411075 0.694095 0.022342 0.030060
20 0.607496 0.812344 0.022342 0.030060
20 0.693454 0.848732 0.022342 0.030060
20 0.717894 0.775669 0.022342 0.030050
20 0.468807 0.939542 0.022342 0.030050
