22 0.597563 0.407334 0.028748 0.036258
22 0.534308 0.177082 0.028748 0.036258
20 0.374532 0.460272 0.025839 0.033581
20 0.400339 0.562248 0.025847 0.033571
20 0.405560 0.766635 0.025847 0.033571
0 0.589978 0.605845 0.030427 0.042012
0 0.473785 0.658959 0.029897 0.039829
0 0.334352 0.285563 0.025847 0.032495
0 0.656911 0.647475 0.030420 0.042012
20 0.455935 0.803984 0.025847 0.033581
0 0.387371 0.322887 0.026436 0.036519
0 0.499779 0.261419 0.028571 0.038330
20 0.504153 0.717520 0.025847 0.033571
20 0.592905 0.678481 0.020744 0.028350
20 0.678023 0.715785 0.020744 0.028350
20 0.704687 0.642636 0.020744 0.028350
20 0.609547 0.462525 0.020744 0.028350
20 0.581602 0.357022 0.020744 0.028350
20 0.573281 0.140483 0.020744 0.028350
20 0.521443 0.108426 0.020751 0.028360
20 0.473446 0.207807 0.020751 0.028350
20 0.291697 0.296112 0.020744 0.028360
20 0.386624 0.254437 0.020744 0.028350
20 0.311631 0.228219 0.020744 0.028350
22 0.449381 0.740322 0.028748 0.036258
22 0.389665 0.511881 0.028756 0.036258
