20 0.744971 0.568878 0.025847 0.033571
20 0.649437 0.583989 0.025839 0.033571
20 0.571410 0.603295 0.025839 0.033571
20 0.530250 0.664985 0.025847 0.033571
20 0.488472 0.631413 0.025839 0.033571
20 0.482021 0.468576 0.025839 0.033571
20 0.460825 0.384220 0.025847 0.033571
20 0.388306 0.233607 0.025847 0.033571
22 0.611719 0.154728 0.028756 0.036258
22 0.475920 0.424256 0.028748 0.036258
22 0.663472 0.365634 0.028756 0.036258
22 0.525906 0.610996 0.028748 0.036258
0 0.703929 0.565176 0.026900 0.036590
0 0.649742 0.529039 0.026907 0.036590
0 0.548457 0.559889 0.022968 0.028431
0 0.475000 0.270780 0.026907 0.036590
0 0.579628 0.231102 0.026900 0.036590
0 0.428877 0.225201 0.026149 0.035714
20 0.406760 0.175649 0.025847 0.033571
20 0.476491 0.207963 0.025839 0.033571
20 0.555438 0.181102 0.025839 0.033571
20 0.605817 0.100528 0.025847 0.033571
20 0.650972 0.134100 0.025847 0.033571
20 0.653122 0.323370 0.025847 0.033581
20 0.671859 0.411081 0.025839 0.033571
20 0.721929 0.619240 0.025847 0.033571
