22 0.864739 0.041715 0.028756 0.036268
22 0.727610 0.309437 0.028756 0.036258
22 0.778483 0.496771 0.028748 0.036258
20 0.923358 0.298908 0.025847 0.033571
0 0.833214 0.116373 0.026900 0.036590
0 0.728465 0.156635 0.026900 0.036590
0 0.682198 0.109492 0.026900 0.036590
0 0.903001 0.414361 0.026900 0.036590
0 0.956749 0.449200 0.026900 0.036590
0 0.801082 0.444995 0.023697 0.031177
20 0.973914 0.504955 0.025839 0.033571
20 0.902452 0.469688 0.025847 0.033581
20 0.824801 0.490086 0.025847 0.033571
20 0.782566 0.552168 0.025839 0.033571
20 0.735206 0.355448 0.025847 0.033571
20 0.714941 0.270347 0.025847 0.033571
20 0.903733 0.210015 0.025847 0.033571
20 0.904370 0.019995 0.025839 0.033571
20 0.809658 0.064009 0.025839 0.033571
20 0.729448 0.093441 0.025847 0.033581
20 0.641134 0.119381 0.025847 0.033571
20 0.660331 0.061675 0.025847 0.033571
20 0.741605 0.516031 0.025847 0.033571
22 0.916937 0.250815 0.028748 0.036258
