0 0.798461 0.766826 0.024389 0.031640
0 0.751355 0.492188 0.024389 0.031640
0 0.647393 0.524572 0.024389 0.031640
22 0.670549 0.847887 0.028756 0.036258
22 0.634278 0.670216 0.028748 0.036268
22 0.815641 0.615221 0.028748 0.036258
20 0.881848 0.799165 0.021826 0.029477
20 0.794853 0.817807 0.021826 0.029477
20 0.719654 0.841972 0.021826 0.029477
20 0.856042 0.849024 0.021819 0.029477
20 0.673402 0.903732 0.021826 0.029477
0 0.598085 0.480654 0.024595 0.032938
20 0.824709 0.661177 0.021819 0.029477
20 0.640770 0.716076 0.021819 0.029477
20 0.625287 0.631972 0.021826 0.029477
20 0.811071 0.576076 0.021819 0.029477
20 0.823704 0.405634 0.021826 0.029477
20 0.783557 0.370221 0.021826 0.029477
20 0.731856 0.440241 0.021826 0.029477
20 0.558137 0.484105 0.021826 0.029477
22 0.782463 0.424256 0.028756 0.036258
20 0.651355 0.466620 0.021826 0.029477
20 0.583432 0.431932 0.021826 0.029477
0 0.699823 0.797067 0.024389 0.031640
20 0.634459 0.872787 0.021819 0.029477
0 0.842865 0.798576 0.024389 0.031640
