20 0.597360 0.519859 0.021819 0.029477
0 0.671325 0.681957 0.024389 0.031640
0 0.770876 0.651504 0.024389 0.031640
0 0.815758 0.684029 0.024389 0.031640
0 0.619731 0.410176 0.024396 0.031640
0 0.570869 0.364909 0.024389 0.031630
0 0.723564 0.377631 0.024389 0.031640
22 0.755037 0.309437 0.028748 0.036258
22 0.787331 0.503421 0.028756 0.036258
22 0.607294 0.557208 0.028756 0.036268
22 0.641800 0.736087 0.028756 0.036258
20 0.555077 0.315463 0.021819 0.029477
20 0.531782 0.372817 0.021826 0.029477
20 0.624194 0.350433 0.021819 0.029477
20 0.753211 0.256006 0.021826 0.029477
20 0.702014 0.324909 0.021819 0.029477
20 0.794168 0.292032 0.021826 0.029477
20 0.784698 0.462696 0.021826 0.029477
20 0.613303 0.601348 0.021819 0.029477
20 0.643789 0.788561 0.021819 0.029477
20 0.607666 0.759356 0.021826 0.029477
20 0.690972 0.726620 0.021826 0.029477
20 0.765434 0.704467 0.021826 0.029477
20 0.827747 0.734336 0.021826 0.029477
20 0.855361 0.687093 0.021826 0.029477
20 0.797474 0.546972 0.021826 0.029477
