20 0.593365 0.479557 0.021826 0.029477
0 0.481495 0.683335 0.024389 0.031640
0 0.544345 0.396273 0.024389 0.031640
0 0.444735 0.422108 0.024389 0.031640
0 0.399882 0.378255 0.024389 0.031640
20 0.387865 0.329316 0.021826 0.029477
22 0.595353 0.515508 0.028748 0.036268
22 0.449381 0.734276 0.028748 0.036258
20 0.418373 0.527113 0.021826 0.029477
20 0.497474 0.723954 0.021826 0.029477
20 0.565313 0.706459 0.021819 0.029477
22 0.573236 0.335423 0.028756 0.036258
20 0.622054 0.732113 0.021826 0.029477
20 0.647014 0.687233 0.021819 0.029477
20 0.601362 0.556368 0.021826 0.029477
0 0.610703 0.683124 0.024396 0.031640
0 0.576046 0.655297 0.024389 0.031640
20 0.360832 0.383451 0.021826 0.029477
20 0.452982 0.367093 0.021826 0.029477
20 0.428612 0.607847 0.021819 0.029477
20 0.416962 0.757606 0.021819 0.029477
20 0.449904 0.787485 0.021826 0.029477
22 0.422839 0.563853 0.028756 0.036258
20 0.527938 0.346942 0.021826 0.029477
20 0.577088 0.284416 0.021819 0.029477
20 0.613336 0.318823 0.021826 0.029477
