20 0.704941 0.482148 0.019720 0.027072
20 0.520317 0.769995 0.019720 0.027072
20 0.696513 0.720639 0.019713 0.027072
20 0.688406 0.639557 0.019713 0.027082
20 0.741487 0.850568 0.019720 0.027072
20 0.712732 0.895890 0.019720 0.027072
20 0.658575 0.867037 0.019713 0.027072
20 0.590832 0.888033 0.019720 0.027072
20 0.543535 0.950790 0.019720 0.027072
0 0.491325 0.542077 0.024389 0.031640
0 0.537872 0.586645 0.024389 0.031640
0 0.635714 0.560106 0.024389 0.031640
0 0.575589 0.848737 0.024389 0.031640
0 0.668468 0.818094 0.024389 0.031640
0 0.703564 0.846937 0.024389 0.031640
22 0.667198 0.497269 0.021495 0.030433
22 0.515493 0.728954 0.021487 0.030423
22 0.687268 0.676293 0.021487 0.030433
22 0.542430 0.896041 0.021487 0.030433
20 0.481679 0.493818 0.019720 0.027072
20 0.455000 0.545045 0.019720 0.027072
20 0.546193 0.528778 0.019720 0.027072
20 0.621211 0.509834 0.019713 0.027072
20 0.670987 0.446685 0.019720 0.027072
20 0.509993 0.689411 0.019720 0.027072
