22 0.660346 0.024698 0.021487 0.030423
20 0.653733 0.433491 0.020398 0.029598
20 0.615405 0.028712 0.020398 0.029598
20 0.540596 0.041263 0.020398 0.029588
20 0.445044 0.045513 0.020398 0.029598
20 0.499411 0.212279 0.020398 0.029588
20 0.508299 0.302746 0.020398 0.029598
20 0.738888 0.418919 0.020398 0.029588
20 0.713108 0.470407 0.020398 0.029588
20 0.683991 0.179085 0.020398 0.029598
20 0.529120 0.518491 0.020390 0.029598
20 0.580670 0.452082 0.020398 0.029598
20 0.491075 0.479638 0.020398 0.029598
0 0.483991 0.048094 0.024389 0.031640
0 0.531484 0.097118 0.024396 0.031640
0 0.633071 0.080538 0.024389 0.031640
0 0.563347 0.397832 0.024396 0.031640
0 0.661856 0.373506 0.024389 0.031640
0 0.700331 0.415558 0.024389 0.031640
22 0.527021 0.460981 0.021495 0.030433
22 0.502916 0.257264 0.021487 0.030423
22 0.683384 0.223169 0.021495 0.030423
20 0.689477 0.266922 0.020398 0.029598
