22 0.759632 0.250126 0.027025 0.035483
20 0.561429 0.216137 0.020398 0.029598
20 0.572275 0.312797 0.020398 0.029598
20 0.756620 0.204235 0.020398 0.029598
20 0.767106 0.295070 0.020398 0.029598
20 0.774926 0.035931 0.020398 0.029588
20 0.686753 0.045161 0.020398 0.029598
20 0.606937 0.050986 0.020398 0.029598
20 0.509521 0.041031 0.020398 0.029588
22 0.586414 0.487359 0.027025 0.035483
22 0.565935 0.267027 0.027025 0.035483
22 0.734886 0.051363 0.027018 0.035483
0 0.628678 0.416353 0.026149 0.035563
0 0.738435 0.406590 0.026149 0.035553
0 0.779661 0.458662 0.026141 0.035553
0 0.705401 0.097601 0.026149 0.035563
0 0.600041 0.101791 0.026149 0.035553
0 0.548884 0.054643 0.026149 0.035563
20 0.822894 0.462847 0.020398 0.029598
20 0.795854 0.519175 0.020398 0.029598
20 0.728579 0.469256 0.020398 0.029598
20 0.647224 0.482072 0.020398 0.029598
20 0.545626 0.500961 0.020398 0.029588
20 0.587474 0.549195 0.020398 0.029598
