20 0.585199 0.733888 0.035891 0.042767
20 0.687113 0.624240 0.035891 0.042767
20 0.831197 0.611036 0.036134 0.045936
0 0.664017 0.532183 0.043763 0.064447
0 0.851211 0.516685 0.044264 0.061600
0 0.918446 0.605689 0.041605 0.058441
20 0.915928 0.322319 0.036141 0.045946
22 0.907809 0.242767 0.035913 0.049678
22 0.573174 0.267259 0.030162 0.041861
22 0.592371 0.627098 0.030162 0.041861
20 0.577717 0.340367 0.036141 0.045946
20 0.572187 0.178793 0.036141 0.045936
20 0.936616 0.701207 0.036134 0.045936
20 0.911322 0.162425 0.036134 0.045936
20 0.520862 0.650352 0.035891 0.042757
