20 0.687448 0.508476 0.038211 0.049447
0 0.417633 0.337309 0.044264 0.061600
0 0.340729 0.248003 0.044256 0.061600
0 0.603277 0.326906 0.044256 0.061600
0 0.435718 0.875407 0.044264 0.061600
0 0.623034 0.860875 0.044256 0.061590
0 0.691425 0.948602 0.044264 0.061590
22 0.662809 0.230277 0.041244 0.057757
22 0.682080 0.587923 0.041244 0.057757
22 0.365000 0.969019 0.034890 0.046388
22 0.347158 0.612691 0.034890 0.046388
20 0.327213 0.146801 0.038211 0.049457
20 0.269602 0.228632 0.038218 0.049457
20 0.437529 0.233526 0.038211 0.049447
20 0.574989 0.229678 0.038211 0.049457
20 0.673546 0.131056 0.038211 0.049457
20 0.733450 0.207646 0.038211 0.049457
20 0.342846 0.525880 0.038211 0.049447
20 0.689359 0.664245 0.038218 0.049457
20 0.350490 0.686006 0.038211 0.049457
20 0.459680 0.966026 0.038211 0.049457
20 0.604908 0.956454 0.038211 0.049447
