22 0.884507 0.244110 0.034890 0.046388
20 0.568531 0.695795 0.038211 0.049457
20 0.563925 0.533119 0.038218 0.049457
20 0.958472 0.213471 0.038211 0.049457
20 0.676252 0.977178 0.038218 0.045644
20 0.823391 0.972988 0.038211 0.049457
20 0.546727 0.150523 0.038211 0.049457
20 0.489591 0.236137 0.038211 0.049457
20 0.658045 0.242178 0.038211 0.049447
20 0.794805 0.237143 0.038211 0.049457
20 0.896911 0.138436 0.038211 0.049447
0 0.558947 0.254985 0.044256 0.061600
20 0.907868 0.516529 0.038211 0.049457
22 0.903100 0.597309 0.034890 0.046388
22 0.584750 0.976444 0.034890 0.046388
22 0.570103 0.625739 0.034890 0.046388
0 0.822898 0.336524 0.044264 0.061600
0 0.635770 0.345780 0.044264 0.061600
0 0.913001 0.961645 0.044264 0.061600
0 0.842025 0.874049 0.044256 0.061600
20 0.983387 0.971036 0.033225 0.049457
20 0.914525 0.673551 0.038211 0.049457
0 0.654867 0.889266 0.044256 0.061590
