20 0.383568 0.862902 0.038211 0.049447
0 0.527419 0.246640 0.042393 0.055674
20 0.225210 0.886469 0.038211 0.049457
20 0.281079 0.589990 0.038211 0.049457
20 0.272585 0.435523 0.038218 0.049457
20 0.607529 0.568964 0.038211 0.049457
20 0.606465 0.416670 0.038218 0.049457
20 0.660965 0.123526 0.038218 0.049447
20 0.600365 0.047988 0.038211 0.049457
20 0.503490 0.145282 0.038218 0.049457
20 0.361057 0.151932 0.038211 0.049457
20 0.200928 0.144074 0.038218 0.049457
20 0.255335 0.060679 0.038211 0.049447
20 0.679054 0.852631 0.038211 0.049447
20 0.622876 0.934215 0.038211 0.049457
20 0.520254 0.849608 0.038211 0.049457
22 0.296775 0.860669 0.038056 0.055101
22 0.606362 0.495644 0.038056 0.055091
0 0.362117 0.772525 0.042393 0.055674
0 0.542596 0.760412 0.042393 0.055674
0 0.608137 0.843033 0.042386 0.055684
20 0.288465 0.962616 0.038211 0.049457
0 0.343623 0.254562 0.042386 0.055684
0 0.271296 0.164014 0.042386 0.055674
22 0.278906 0.513189 0.038063 0.055091
22 0.587102 0.144769 0.038063 0.055091
