22 0.341907 0.811308 0.038056 0.055091
20 0.277511 0.839044 0.038218 0.049457
22 0.325987 0.478994 0.038056 0.055091
22 0.640755 0.458687 0.038063 0.055101
22 0.625365 0.121474 0.038063 0.055101
0 0.570018 0.215523 0.042393 0.055674
0 0.394481 0.220508 0.042393 0.055684
0 0.644138 0.789406 0.040884 0.052575
0 0.581436 0.713089 0.040884 0.052575
0 0.408557 0.726585 0.040884 0.052586
0 0.322898 0.133924 0.042393 0.055674
20 0.329437 0.550337 0.038211 0.049447
20 0.324967 0.397399 0.038211 0.049447
20 0.336973 0.915704 0.038218 0.049457
20 0.433244 0.809411 0.038211 0.049447
20 0.561594 0.797752 0.038211 0.049447
20 0.658170 0.879336 0.038211 0.049457
20 0.411027 0.127817 0.038211 0.049457
20 0.545862 0.120302 0.038218 0.049457
20 0.310129 0.031328 0.038211 0.049457
20 0.256013 0.114034 0.038211 0.049457
20 0.639422 0.027570 0.038211 0.049447
20 0.699039 0.105262 0.038211 0.049457
20 0.645843 0.379698 0.038211 0.049457
20 0.644923 0.531328 0.038211 0.049457
20 0.710048 0.793234 0.038211 0.049447
