20 0.503420 0.724125 0.038211 0.049457
20 0.187485 0.745010 0.038211 0.049457
20 0.166064 0.229437 0.038211 0.049457
20 0.113516 0.312108 0.038211 0.049447
20 0.271167 0.319361 0.038211 0.049447
20 0.402809 0.316459 0.038211 0.049457
20 0.499945 0.220734 0.038211 0.049457
20 0.556211 0.300503 0.038211 0.049457
20 0.503133 0.576801 0.038211 0.049457
20 0.181992 0.589859 0.038211 0.049457
0 0.252025 0.419230 0.040884 0.052586
0 0.181443 0.327309 0.040884 0.052586
0 0.427268 0.412621 0.040884 0.052586
0 0.265696 0.923944 0.040891 0.054326
0 0.440471 0.910111 0.040884 0.054326
22 0.499381 0.654185 0.038056 0.055091
22 0.183991 0.673521 0.038056 0.055091
22 0.483015 0.316972 0.038063 0.055091
