22 0.248133 0.917671 0.038063 0.055101
0 0.549466 0.899371 0.040891 0.054336
0 0.488675 0.820644 0.040884 0.054326
0 0.315162 0.834054 0.040884 0.054326
22 0.529901 0.231157 0.038063 0.055091
0 0.474989 0.323632 0.040891 0.054326
0 0.297677 0.330121 0.040891 0.054326
0 0.228336 0.239708 0.040884 0.054326
22 0.543616 0.565347 0.038056 0.055101
22 0.230880 0.586499 0.038063 0.055091
20 0.340357 0.916449 0.038211 0.049457
20 0.235258 0.659728 0.038218 0.049457
20 0.551834 0.638843 0.038218 0.049457
20 0.547375 0.490905 0.038211 0.049457
20 0.231436 0.507435 0.038218 0.049457
20 0.185571 0.942550 0.038211 0.049447
20 0.615530 0.905131 0.038218 0.049457
20 0.158185 0.219673 0.038211 0.049447
20 0.212592 0.141715 0.038218 0.049447
20 0.316543 0.228737 0.038211 0.049447
20 0.450129 0.228134 0.038211 0.049447
20 0.541252 0.137485 0.038218 0.049457
20 0.601410 0.209396 0.038211 0.049457
20 0.465203 0.906871 0.038211 0.049457
20 0.562025 0.978058 0.038218 0.043883
