20 0.613155 0.973491 0.038211 0.049457
20 0.607898 0.611756 0.038211 0.049447
20 0.935092 0.936419 0.038211 0.049457
20 0.984437 0.853566 0.031127 0.049447
20 0.582342 0.091645 0.038218 0.049447
20 0.529260 0.172867 0.038211 0.049457
20 0.689032 0.184467 0.038211 0.049457
20 0.968803 0.162777 0.038211 0.049457
20 0.916580 0.089336 0.038211 0.049457
20 0.600390 0.460040 0.038218 0.049457
20 0.839856 0.857158 0.038211 0.049447
20 0.710103 0.875292 0.038218 0.049457
20 0.551966 0.902988 0.038218 0.049457
0 0.919971 0.852108 0.040884 0.054336
0 0.857916 0.774296 0.040884 0.054326
0 0.844838 0.279854 0.040884 0.054336
0 0.684871 0.789316 0.040891 0.054326
0 0.670692 0.282017 0.040884 0.054336
22 0.618060 0.876720 0.038063 0.055091
22 0.900144 0.183410 0.038063 0.055091
22 0.914742 0.522440 0.038056 0.055101
22 0.601565 0.540573 0.038063 0.055091
0 0.597235 0.196368 0.040891 0.054326
20 0.922147 0.585659 0.038211 0.049447
20 0.919385 0.441293 0.038211 0.049447
20 0.821970 0.179145 0.038211 0.049457
