20 0.463236 0.413875 0.012507 0.014737
25 0.471039 0.607243 0.014832 0.019013
25 0.242389 0.698868 0.021565 0.032430
25 0.214728 0.613095 0.018752 0.029870
20 0.523408 0.395923 0.013276 0.018593
20 0.574972 0.377212 0.012932 0.017423
20 0.701099 0.634377 0.010449 0.018127
20 0.637457 0.644260 0.011306 0.019180
22 0.521951 0.539755 0.018501 0.023437
22 0.554635 0.662900 0.017473 0.021333
23 0.529247 0.637288 0.013157 0.018383
0 0.569437 0.629852 0.016858 0.016417
22 0.645398 0.500847 0.018330 0.024153
26 0.546482 0.364657 0.012788 0.017753
25 0.459313 0.559942 0.021667 0.029343
25 0.741367 0.464635 0.028369 0.036543
20 0.557584 0.700862 0.010364 0.014737
20 0.526963 0.570758 0.012163 0.013683
20 0.512444 0.512987 0.011050 0.013447
20 0.651514 0.533605 0.013105 0.018477
20 0.476998 0.376038 0.012419 0.014910
0 0.490909 0.407698 0.017473 0.023437
0 0.521282 0.437942 0.016548 0.022737
0 0.590662 0.411348 0.016548 0.023997
22 0.611732 0.361598 0.019426 0.025823
27 0.617562 0.668462 0.019822 0.025317
21 0.970260 0.479543 0.017263 0.020953
21 0.005803 0.060718 0.009990 0.017517
21 0.133463 0.161002 0.011594 0.020210
21 0.081412 0.292525 0.011345 0.017177
21 0.120142 0.412345 0.011841 0.011957
21 0.218306 0.558532 0.009668 0.014550
21 0.254128 0.653432 0.010732 0.016503
21 0.266438 0.432485 0.010732 0.016503
21 0.307018 0.306855 0.013689 0.015830
21 0.377137 0.225350 0.015046 0.017513
21 0.441029 0.007182 0.014802 0.013977
21 0.705546 0.105462 0.017263 0.021243
21 0.904720 0.164973 0.018757 0.023280
21 0.830656 0.449425 0.015559 0.020077
21 0.862200 0.700558 0.015132 0.017750
21 0.766501 0.573100 0.015132 0.018333
21 0.731121 0.299995 0.015132 0.020370
21 0.339569 0.537773 0.010657 0.016880
21 0.449121 0.642825 0.011084 0.016297
21 0.274879 0.801700 0.008879 0.012527
21 0.297156 0.993405 0.009028 0.013190
21 0.451160 0.974783 0.010361 0.015560
21 0.477209 0.787352 0.011841 0.015763
21 0.643130 0.939015 0.012729 0.019197
21 0.818523 0.950533 0.015986 0.022027
21 0.559227 0.741602 0.012019 0.016063
21 0.687236 0.806028 0.013301 0.017110
20 0.606877 0.324117 0.012334 0.015320
20 0.638142 0.346865 0.013535 0.018243
20 0.637628 0.473342 0.012678 0.017657
20 0.586022 0.657943 0.010876 0.018947
20 0.684695 0.668585 0.011733 0.018943
20 0.530088 0.676687 0.011211 0.018860
0 0.637892 0.608942 0.017883 0.021190
0 0.674124 0.632168 0.017163 0.023577
25 0.046669 0.278022 0.025159 0.038303
