21 0.094250 0.533233 0.013301 0.017113
21 0.235049 0.269587 0.013555 0.015713
21 0.833405 0.460600 0.013298 0.016413
25 0.965890 0.317253 0.029158 0.038413
21 0.669589 0.539868 0.010999 0.017110
21 0.654371 0.297173 0.013811 0.019207
21 0.245278 0.510710 0.012021 0.018160
21 0.132998 0.634852 0.012021 0.014317
21 0.146682 0.795135 0.011255 0.014317
21 0.185046 0.992433 0.011255 0.014320
21 0.367534 0.941100 0.011509 0.015713
21 0.381729 0.755675 0.012275 0.015717
21 0.558076 0.877545 0.013042 0.017810
21 0.361011 0.613200 0.012788 0.016413
20 0.465234 0.372252 0.012021 0.018510
20 0.518049 0.356013 0.012275 0.017460
20 0.510504 0.620185 0.010486 0.017110
20 0.560250 0.605867 0.010232 0.016413
20 0.601940 0.627168 0.009207 0.016410
20 0.618691 0.595043 0.009976 0.015713
20 0.580840 0.502505 0.011509 0.017110
20 0.480068 0.662438 0.011509 0.015717
0 0.497461 0.593295 0.016626 0.020603
0 0.592733 0.592947 0.015857 0.021300
27 0.537488 0.629088 0.019438 0.025143
23 0.454749 0.603598 0.013042 0.016763
22 0.477894 0.626645 0.018416 0.018857
22 0.452574 0.509138 0.020974 0.023397
22 0.574957 0.474218 0.017649 0.021303
22 0.552578 0.345712 0.018926 0.025490
0 0.431858 0.382205 0.019951 0.025143
26 0.489788 0.343967 0.013555 0.019207
25 0.087175 0.593530 0.027495 0.032593
21 0.949125 0.036637 0.015520 0.018947
21 0.872920 0.310620 0.012021 0.018160
21 0.800671 0.198007 0.014331 0.019920
21 0.044609 0.086735 0.014834 0.023263
21 0.654243 0.122922 0.014067 0.018510
21 0.986735 0.211445 0.013044 0.019557
21 0.716904 0.862007 0.014067 0.018160
21 0.741586 0.647597 0.011252 0.015367
25 0.654628 0.443313 0.026599 0.038413
25 0.661660 0.496043 0.016626 0.026540
21 0.475845 0.702770 0.012285 0.014667
20 0.403083 0.385870 0.011509 0.018507
20 0.419965 0.350252 0.012019 0.017110
20 0.458073 0.538822 0.012532 0.017110
20 0.453726 0.642183 0.010996 0.015713
21 0.167911 0.398267 0.013811 0.017460
21 0.331982 0.193810 0.014067 0.016413
25 0.970621 0.423235 0.023274 0.033177
21 0.971005 0.598010 0.012278 0.015367
21 0.935326 0.816435 0.015090 0.017810
21 0.894276 0.982482 0.012278 0.015363
21 0.728286 0.432313 0.012788 0.018507
21 0.593372 0.752532 0.012534 0.015717
25 0.376229 0.531138 0.027366 0.035970
20 0.551554 0.309570 0.011765 0.017460
20 0.578665 0.332443 0.012788 0.018507
20 0.571119 0.447678 0.013044 0.017810
20 0.448093 0.483123 0.012544 0.018160
0 0.462805 0.412235 0.016880 0.023050
0 0.531989 0.389712 0.018669 0.024097
0 0.562296 0.572518 0.016370 0.020950
