25 0.851429 0.459873 0.020071 0.030773
24 0.897520 0.340078 0.011367 0.023063
21 0.428556 0.697158 0.013997 0.017097
21 0.546228 0.761773 0.013628 0.018607
21 0.678262 0.658942 0.011050 0.018103
20 0.403916 0.294500 0.012432 0.018187
20 0.385178 0.329178 0.012256 0.016250
21 0.107302 0.314070 0.015630 0.020613
21 0.009171 0.604212 0.017229 0.021363
21 0.521051 0.890980 0.015095 0.016733
21 0.858605 0.952455 0.010300 0.018430
20 0.474294 0.597602 0.012109 0.016263
20 0.522092 0.586050 0.011338 0.017140
21 0.303527 0.594927 0.014060 0.018860
21 0.305543 0.978842 0.015276 0.017377
21 0.310065 0.774613 0.013567 0.019873
25 0.330491 0.498420 0.027886 0.038073
25 0.338127 0.555408 0.018296 0.024977
25 0.605258 0.440825 0.021848 0.032010
25 0.842903 0.367835 0.020781 0.032010
21 0.959222 0.737963 0.012610 0.010913
21 0.870415 0.789252 0.013320 0.012610
21 0.684188 0.854122 0.013855 0.015763
21 0.180389 0.462118 0.015452 0.020370
21 0.857184 0.621318 0.009236 0.015277
21 0.886224 0.492187 0.008704 0.015520
21 0.852300 0.283517 0.009058 0.016247
21 0.776814 0.350203 0.009771 0.016247
21 0.723441 0.239502 0.010657 0.016490
21 0.830453 0.127830 0.010125 0.016733
21 0.623889 0.132922 0.012256 0.017217
21 0.338821 0.114332 0.014653 0.021017
21 0.215675 0.179300 0.015540 0.020007
0 0.509447 0.352695 0.015623 0.023463
21 0.616809 0.539472 0.010830 0.017103
21 0.751044 0.478710 0.009602 0.016220
21 0.667559 0.439157 0.009927 0.016220
21 0.609004 0.300662 0.010903 0.017110
23 0.470604 0.303368 0.011716 0.017330
22 0.542256 0.447752 0.016406 0.023197
22 0.528585 0.315767 0.016013 0.023733
22 0.422933 0.468683 0.017966 0.024533
22 0.439630 0.605335 0.017380 0.023197
0 0.410435 0.331765 0.016797 0.024263
0 0.442657 0.363228 0.015232 0.023730
0 0.553973 0.576138 0.015623 0.022930
0 0.529366 0.547342 0.016404 0.022930
20 0.439630 0.643332 0.012302 0.015997
20 0.415024 0.617733 0.011914 0.017067
20 0.427717 0.499213 0.011523 0.016267
20 0.421176 0.438953 0.010935 0.014667
20 0.447150 0.325898 0.011326 0.016263
20 0.497729 0.319367 0.011719 0.016000
20 0.531222 0.278572 0.009958 0.014930
20 0.553876 0.306435 0.011521 0.014663
20 0.541768 0.418688 0.011523 0.014663
20 0.547041 0.475750 0.012305 0.016267
20 0.578971 0.577605 0.012107 0.015197
20 0.561785 0.611868 0.012109 0.015463
27 0.499487 0.611735 0.017187 0.025863
0 0.463553 0.562540 0.016404 0.024000
23 0.416788 0.575458 0.014377 0.017923
