24 0.511897 0.128303 0.021001 0.029187
24 0.488644 0.919718 0.013503 0.017410
24 0.520524 0.904355 0.013503 0.018437
24 0.518086 0.321868 0.018379 0.029190
24 0.512834 0.245570 0.022129 0.032260
25 0.669608 0.279622 0.034128 0.049157
21 0.530728 0.260682 0.012373 0.016957
25 0.668295 0.407385 0.035256 0.049670
1 0.555404 0.262723 0.023254 0.035847
21 0.666233 0.566640 0.013877 0.020993
21 0.986904 0.838808 0.019878 0.022530
21 0.995234 0.616568 0.009531 0.020483
21 0.558217 0.613752 0.012375 0.019970
21 0.712365 0.347983 0.015378 0.020993
21 0.903268 0.229693 0.016125 0.024067
21 0.847760 0.052517 0.016877 0.024067
21 0.551841 0.039970 0.013877 0.022533
21 0.698488 0.205883 0.015378 0.021507
21 0.516398 0.381525 0.013503 0.018437
21 0.502333 0.992888 0.012375 0.014223
21 0.479268 0.947625 0.012002 0.016897
24 0.557487 0.847748 0.015046 0.024757
21 0.698488 0.821910 0.016877 0.019460
