1 0.433705 0.656552 0.024304 0.034410
21 0.451013 0.281738 0.005000 0.017923
21 0.452576 0.354923 0.003750 0.017493
21 0.456638 0.538417 0.005625 0.016640
21 0.454607 0.414238 0.005312 0.018350
21 0.483049 0.597092 0.013437 0.018777
21 0.488051 0.644245 0.010940 0.019203
21 0.459921 0.750075 0.004690 0.017497
21 0.460858 0.867255 0.005940 0.015363
21 0.461171 0.963697 0.005940 0.017920
21 0.372565 0.858465 0.015002 0.020910
21 0.434761 0.765908 0.013750 0.019203
21 0.428978 0.551858 0.014065 0.020483
21 0.338341 0.577675 0.013440 0.017497
21 0.166127 0.798082 0.011565 0.018777
21 0.058611 0.729635 0.013437 0.020057
21 0.150187 0.506198 0.012190 0.019630
21 0.045048 0.988550 0.013196 0.020533
24 0.497625 0.694962 0.017310 0.024137
24 0.499825 0.621273 0.021736 0.028720
24 0.495599 0.546372 0.016941 0.026657
24 0.498546 0.505638 0.022834 0.027657
24 0.449746 0.061372 0.006260 0.026150
24 0.426544 0.055588 0.020994 0.025643
21 0.118279 0.144338 0.015103 0.023123
21 0.222283 0.647352 0.012813 0.018523
21 0.272549 0.385263 0.013750 0.018347
21 0.002036 0.562315 0.004072 0.016643
25 0.314358 0.684530 0.029692 0.041960
25 0.315790 0.804725 0.029954 0.041963
25 0.278019 0.192980 0.035945 0.050353
21 0.239420 0.011448 0.015002 0.020057
21 0.450701 0.118728 0.005000 0.019630
21 0.384128 0.269578 0.009375 0.021763
