0 0.561172 0.546115 0.023135 0.030937
0 0.350341 0.409705 0.023293 0.031590
0 0.314124 0.359300 0.021606 0.029733
22 0.457841 0.602778 0.013083 0.015630
0 0.560540 0.406460 0.023452 0.031153
20 0.274073 0.353930 0.015530 0.020120
20 0.306400 0.309577 0.014578 0.020987
20 0.312659 0.430518 0.015371 0.020123
20 0.423582 0.355660 0.014736 0.020987
20 0.487441 0.354687 0.014419 0.021633
20 0.605336 0.304493 0.014739 0.021200
20 0.638058 0.348412 0.014578 0.020337
20 0.600186 0.426732 0.015845 0.020337
20 0.600819 0.532095 0.015212 0.020770
20 0.639801 0.609440 0.014260 0.020987
20 0.607474 0.655198 0.014895 0.019903
0 0.599585 0.598217 0.022656 0.031567
20 0.313372 0.534800 0.015845 0.020553
20 0.275262 0.612675 0.015686 0.020143
20 0.307747 0.657362 0.014736 0.019903
0 0.456189 0.353567 0.022974 0.030067
20 0.424928 0.607277 0.014895 0.020987
20 0.489025 0.607062 0.013469 0.019690
0 0.315321 0.601177 0.023293 0.032887
0 0.350579 0.548278 0.023452 0.032670
0 0.598569 0.355762 0.022817 0.030143
