0 0.529304 0.357313 0.022446 0.029907
0 0.490426 0.408158 0.023000 0.031403
0 0.490973 0.547228 0.023000 0.033657
0 0.529445 0.598638 0.022180 0.031030
22 0.388701 0.604432 0.014512 0.019443
0 0.386785 0.355818 0.020537 0.027663
0 0.246322 0.361615 0.023274 0.031403
20 0.244810 0.535828 0.016431 0.022057
0 0.281093 0.410402 0.023274 0.031403
20 0.530541 0.427412 0.016702 0.022803
20 0.568191 0.349462 0.014238 0.020937
20 0.535333 0.305908 0.015881 0.020563
20 0.417727 0.356192 0.016704 0.023177
20 0.354064 0.356752 0.015881 0.022057
20 0.238102 0.311328 0.015608 0.020937
20 0.244398 0.432083 0.016155 0.019440
20 0.205790 0.355630 0.014514 0.019813
20 0.239333 0.657332 0.013145 0.017570
0 0.247411 0.600693 0.022727 0.030653
20 0.206886 0.613778 0.015608 0.020937
20 0.355844 0.608170 0.016702 0.019440
20 0.418959 0.607422 0.015334 0.020937
20 0.537249 0.655650 0.016431 0.020187
20 0.569423 0.610602 0.015061 0.021310
20 0.530677 0.532278 0.015881 0.020937
0 0.281090 0.549102 0.022180 0.032150
