20 0.414517 0.612188 0.014580 0.022350
0 0.490095 0.407907 0.023530 0.032127
0 0.490479 0.546887 0.023784 0.032827
22 0.595980 0.603633 0.020461 0.024793
0 0.452753 0.598743 0.021995 0.030380
0 0.737162 0.597870 0.023020 0.034220
0 0.700972 0.544617 0.022251 0.030380
0 0.700332 0.406158 0.021484 0.027237
0 0.736139 0.356223 0.021995 0.032827
20 0.412343 0.350985 0.015344 0.019557
20 0.445464 0.306987 0.015601 0.020953
20 0.626799 0.353605 0.014067 0.019903
20 0.563499 0.353430 0.014321 0.023747
20 0.744323 0.303843 0.015344 0.022347
20 0.777572 0.348192 0.016370 0.020950
20 0.451891 0.534072 0.015027 0.019310
0 0.594828 0.352392 0.023308 0.030457
20 0.451891 0.428173 0.016794 0.023533
20 0.740103 0.425540 0.015601 0.021300
20 0.740231 0.530473 0.015344 0.020253
20 0.779362 0.607823 0.013811 0.022000
20 0.746880 0.652347 0.014834 0.020253
20 0.629613 0.605728 0.014065 0.020603
20 0.565544 0.606077 0.014834 0.022000
20 0.447126 0.656188 0.015859 0.021650
0 0.450963 0.357795 0.021482 0.029683
