0 0.703984 0.596828 0.022100 0.033790
0 0.667080 0.544332 0.022539 0.031377
20 0.528934 0.353937 0.014397 0.020660
20 0.592759 0.353310 0.014214 0.020907
0 0.666036 0.404380 0.022712 0.032560
0 0.454817 0.407867 0.022710 0.030233
20 0.742612 0.347373 0.015469 0.021120
0 0.703169 0.355618 0.021963 0.031697
20 0.704381 0.425820 0.015911 0.022327
20 0.705708 0.530210 0.015908 0.018707
20 0.744159 0.608657 0.015911 0.021120
20 0.712117 0.653913 0.015469 0.019913
20 0.593230 0.605335 0.014585 0.022930
0 0.558978 0.351297 0.022097 0.028967
20 0.412428 0.656098 0.014832 0.020250
20 0.410676 0.308050 0.016353 0.026047
20 0.377631 0.352238 0.015671 0.021397
20 0.416809 0.428983 0.017715 0.024187
20 0.416936 0.533755 0.016099 0.021623
20 0.379342 0.612793 0.014832 0.020873
0 0.417905 0.599552 0.022134 0.031157
0 0.455327 0.546900 0.023047 0.031153
20 0.530284 0.606095 0.015515 0.021810
22 0.561204 0.601888 0.012549 0.017757
20 0.709686 0.303930 0.015027 0.022327
0 0.417415 0.357548 0.022397 0.028703
