20 0.848085 0.303477 0.015100 0.022127
20 0.556576 0.427428 0.016941 0.021623
20 0.557130 0.531267 0.015100 0.022127
20 0.519930 0.610213 0.014363 0.022127
20 0.552526 0.655218 0.016204 0.021623
0 0.839982 0.354263 0.021731 0.030173
20 0.670381 0.604432 0.016206 0.021623
20 0.733911 0.604432 0.012891 0.020617
0 0.698743 0.351317 0.022095 0.028300
0 0.805823 0.405552 0.023755 0.030163
20 0.851216 0.650693 0.014731 0.021620
20 0.882705 0.605688 0.014365 0.022123
20 0.844402 0.529005 0.014365 0.020617
20 0.843480 0.424663 0.016941 0.022127
20 0.881232 0.346720 0.014363 0.021120
20 0.732440 0.351498 0.015100 0.022630
20 0.668356 0.352002 0.014363 0.021623
20 0.549579 0.304983 0.016204 0.020113
20 0.517352 0.349237 0.015837 0.021120
0 0.806283 0.542580 0.023572 0.030673
22 0.699292 0.601917 0.018784 0.022627
0 0.841455 0.594123 0.023940 0.033187
0 0.557313 0.597392 0.023572 0.029670
0 0.596721 0.545095 0.021362 0.030677
0 0.556761 0.354012 0.020994 0.027657
0 0.595065 0.405807 0.020994 0.029667
