20 0.381985 0.477397 0.014834 0.021300
20 0.375461 0.355175 0.014067 0.019903
20 0.493752 0.402492 0.015347 0.021650
20 0.557820 0.401793 0.014067 0.023747
0 0.525083 0.399525 0.018672 0.026190
0 0.630713 0.455397 0.019692 0.028987
0 0.668566 0.402668 0.021228 0.028983
0 0.382368 0.404587 0.022251 0.025840
0 0.420604 0.456443 0.020974 0.028287
0 0.632375 0.592807 0.021484 0.028633
0 0.669077 0.643965 0.020205 0.028283
0 0.420604 0.595252 0.021995 0.028637
0 0.383646 0.646235 0.021228 0.028637
22 0.527769 0.650077 0.015859 0.019553
20 0.383007 0.581283 0.015857 0.020953
20 0.345026 0.660203 0.015090 0.020953
20 0.377640 0.703857 0.014314 0.020247
20 0.495159 0.655140 0.014580 0.022000
20 0.559867 0.654617 0.014065 0.020953
20 0.677645 0.701933 0.013811 0.021300
20 0.710000 0.656013 0.014067 0.020253
20 0.671252 0.579188 0.014834 0.019557
20 0.670483 0.473555 0.014834 0.019903
20 0.708337 0.395683 0.014834 0.019907
20 0.675187 0.351912 0.015378 0.023897
20 0.343094 0.400048 0.016907 0.021650
