20 0.379781 0.892673 0.014851 0.021000
20 0.382964 0.667115 0.014849 0.020277
20 0.345574 0.590723 0.015381 0.022447
20 0.376865 0.546552 0.014321 0.022450
20 0.495399 0.593257 0.015911 0.023173
20 0.559041 0.592532 0.014849 0.023170
20 0.676777 0.542207 0.014849 0.023893
20 0.709924 0.586377 0.015381 0.021000
20 0.670679 0.665305 0.015381 0.022450
20 0.671473 0.767765 0.015911 0.021723
20 0.708864 0.844883 0.014319 0.021000
20 0.676777 0.888692 0.014849 0.023170
20 0.496989 0.843795 0.015911 0.021723
20 0.560100 0.843072 0.014849 0.023170
0 0.526953 0.589275 0.020684 0.025343
0 0.383494 0.595067 0.019092 0.028240
0 0.421414 0.647925 0.024927 0.031137
0 0.633290 0.646840 0.021213 0.028967
0 0.669084 0.591085 0.020688 0.033310
0 0.631964 0.784058 0.022805 0.031137
0 0.670149 0.832935 0.024927 0.031863
22 0.528545 0.837642 0.020684 0.026790
0 0.385615 0.835107 0.022275 0.028967
0 0.421945 0.785868 0.021746 0.027517
20 0.383760 0.771023 0.015381 0.022447
20 0.346370 0.847417 0.014849 0.023173
