20 0.383698 0.620465 0.015959 0.021370
20 0.384618 0.723548 0.015959 0.020530
20 0.346561 0.801490 0.013503 0.019693
20 0.379550 0.844652 0.013801 0.021370
20 0.496182 0.797720 0.014424 0.020533
20 0.560173 0.795833 0.014731 0.020953
20 0.677875 0.844023 0.013811 0.020953
20 0.710101 0.798347 0.013811 0.017600
20 0.671891 0.722082 0.014119 0.020117
20 0.671584 0.616483 0.014731 0.020113
20 0.710255 0.538960 0.014119 0.020113
20 0.676649 0.494542 0.013811 0.020950
20 0.558793 0.545037 0.014426 0.021373
20 0.494340 0.545455 0.013811 0.021370
0 0.383391 0.547550 0.019644 0.028913
0 0.526106 0.542313 0.019028 0.026820
0 0.670049 0.544408 0.020869 0.031010
0 0.631378 0.597207 0.020872 0.026820
0 0.632146 0.736120 0.023018 0.028073
0 0.670356 0.785148 0.023325 0.030590
0 0.421602 0.738215 0.020562 0.029750
0 0.384464 0.787870 0.019949 0.029333
22 0.528254 0.792272 0.014731 0.021370
20 0.376486 0.498103 0.014426 0.020533
20 0.344412 0.542942 0.014731 0.021370
0 0.420527 0.600142 0.020869 0.030170
