0 0.668026 0.406077 0.022805 0.028240
20 0.343712 0.421278 0.015896 0.022443
20 0.376071 0.465815 0.015911 0.021723
20 0.493541 0.415852 0.014319 0.023170
20 0.558245 0.415128 0.016440 0.021723
20 0.674922 0.461832 0.015381 0.022450
20 0.708864 0.417298 0.013259 0.021723
20 0.669353 0.340545 0.016973 0.023170
20 0.668557 0.235187 0.016440 0.022447
20 0.706212 0.158432 0.015378 0.019550
20 0.672799 0.113900 0.014319 0.020273
20 0.555858 0.164225 0.015911 0.020997
20 0.491686 0.163500 0.014851 0.022447
20 0.375804 0.118968 0.014319 0.020277
20 0.342922 0.163138 0.015381 0.021723
20 0.380311 0.238807 0.015911 0.021000
20 0.381373 0.343078 0.014851 0.019550
22 0.524832 0.413678 0.011138 0.020277
0 0.417703 0.353215 0.020684 0.025343
0 0.382434 0.410420 0.022275 0.032587
0 0.417701 0.214550 0.021746 0.031860
0 0.383229 0.170742 0.022805 0.026790
0 0.525363 0.165312 0.022805 0.028963
0 0.630637 0.214550 0.019092 0.027513
0 0.665375 0.167483 0.023865 0.030413
0 0.630107 0.351043 0.022275 0.029687
