20 0.381959 0.525585 0.015090 0.019903
0 0.419081 0.503367 0.021638 0.030413
0 0.631008 0.501628 0.020366 0.026937
0 0.631644 0.641525 0.020364 0.033890
0 0.420990 0.642393 0.022913 0.030413
0 0.384714 0.694095 0.022910 0.033017
0 0.670148 0.692792 0.023547 0.033890
0 0.667284 0.449493 0.020364 0.028673
0 0.525045 0.446452 0.017180 0.029543
20 0.342725 0.447853 0.015347 0.019907
20 0.375692 0.402842 0.014836 0.019557
20 0.382981 0.629298 0.015601 0.019903
20 0.345256 0.707520 0.014834 0.020600
20 0.378250 0.751345 0.015347 0.021650
20 0.495645 0.701933 0.014321 0.022000
22 0.527870 0.699313 0.015857 0.023047
20 0.558818 0.701933 0.013301 0.021300
20 0.677620 0.748027 0.014067 0.019907
20 0.709974 0.704378 0.013811 0.017810
20 0.671482 0.626505 0.014580 0.020603
20 0.670842 0.521745 0.015347 0.019203
20 0.708439 0.442652 0.013811 0.021650
20 0.557800 0.449635 0.014331 0.024443
20 0.675190 0.399175 0.015347 0.021303
20 0.494110 0.449635 0.015344 0.021650
0 0.383123 0.452968 0.021001 0.026937
