0 0.383229 0.264513 0.021746 0.031860
20 0.382699 0.334750 0.016443 0.024620
20 0.342128 0.259082 0.015911 0.023897
20 0.375009 0.213103 0.015911 0.018827
20 0.493011 0.258358 0.013259 0.022450
20 0.556654 0.257997 0.014319 0.023173
20 0.672800 0.209120 0.015381 0.021000
20 0.706743 0.252567 0.016440 0.022447
20 0.669352 0.330770 0.015911 0.022447
20 0.669618 0.435763 0.016443 0.021000
20 0.710719 0.511795 0.015911 0.022450
20 0.675981 0.557775 0.016440 0.023170
20 0.557449 0.510347 0.016973 0.022447
20 0.493542 0.511795 0.015381 0.022450
22 0.525629 0.508537 0.015911 0.020273
20 0.381638 0.438298 0.016440 0.020277
20 0.376334 0.561395 0.013259 0.023170
20 0.343983 0.516502 0.016443 0.021723
0 0.669088 0.501658 0.023865 0.031137
0 0.382964 0.505278 0.024395 0.032583
0 0.419823 0.449883 0.023865 0.033307
0 0.420088 0.313028 0.022275 0.028963
0 0.668292 0.260530 0.024397 0.029687
0 0.630637 0.447350 0.020151 0.032587
0 0.630902 0.310857 0.022805 0.030413
0 0.525098 0.257997 0.022275 0.027513
