20 0.377130 0.609187 0.014851 0.023173
0 0.630371 0.358647 0.020684 0.030413
20 0.343718 0.306512 0.016973 0.023170
20 0.376600 0.260892 0.015911 0.021723
20 0.492482 0.308685 0.013259 0.021723
20 0.557455 0.306512 0.016960 0.023170
20 0.673860 0.256910 0.015381 0.023893
20 0.707008 0.299993 0.015911 0.024620
20 0.670414 0.378198 0.016970 0.021723
20 0.670413 0.482825 0.018032 0.023883
20 0.709395 0.561033 0.015381 0.023893
20 0.677307 0.605567 0.018032 0.026067
20 0.558774 0.559587 0.017500 0.022447
20 0.494602 0.559223 0.015381 0.023173
0 0.524303 0.305788 0.022805 0.028963
0 0.383495 0.311218 0.024397 0.029690
0 0.384025 0.553430 0.023337 0.031860
0 0.671210 0.550535 0.027048 0.028963
0 0.631964 0.497675 0.022805 0.028963
0 0.419558 0.500572 0.022275 0.028963
0 0.419293 0.358285 0.022805 0.029690
22 0.524832 0.553793 0.011138 0.015207
20 0.381635 0.380732 0.017493 0.022450
20 0.381373 0.486813 0.015911 0.024620
20 0.344249 0.564655 0.015911 0.025343
0 0.667761 0.307960 0.022275 0.030413
