20 0.712000 0.652252 0.015469 0.021623
22 0.561365 0.603225 0.016943 0.022123
20 0.529874 0.606242 0.015837 0.022123
20 0.412572 0.656275 0.013997 0.019610
20 0.417728 0.534082 0.015466 0.020617
20 0.379609 0.612528 0.013628 0.021623
0 0.455663 0.546403 0.022097 0.028160
0 0.418833 0.599202 0.023569 0.030170
0 0.703159 0.596437 0.025044 0.030673
0 0.667435 0.545145 0.022834 0.027657
0 0.702792 0.355318 0.022097 0.031177
0 0.666329 0.404598 0.022097 0.031177
0 0.560997 0.351297 0.022834 0.028160
0 0.455295 0.407365 0.020625 0.028663
0 0.417544 0.357080 0.020991 0.028660
20 0.416992 0.428737 0.016206 0.020113
20 0.377767 0.351548 0.014363 0.021623
20 0.411099 0.307298 0.014731 0.021623
20 0.528955 0.354313 0.015469 0.022127
20 0.592487 0.354315 0.015100 0.024137
20 0.710156 0.303023 0.014731 0.022127
20 0.743119 0.347273 0.014363 0.021120
20 0.705000 0.425468 0.014731 0.019610
20 0.705553 0.530060 0.015837 0.018607
20 0.744225 0.607750 0.015837 0.022127
20 0.593590 0.605740 0.015100 0.020113
