20 0.210282 0.536173 0.015774 0.022407
20 0.319749 0.357353 0.015132 0.020953
0 0.212955 0.601465 0.022834 0.034697
0 0.247391 0.548413 0.020256 0.029167
22 0.355216 0.603955 0.015344 0.018857
0 0.494863 0.597458 0.021484 0.030170
0 0.456652 0.547385 0.022405 0.030590
0 0.493481 0.356307 0.019951 0.027253
0 0.454810 0.408472 0.021177 0.028497
0 0.352146 0.355462 0.021484 0.028077
0 0.245642 0.409933 0.022095 0.028067
20 0.173623 0.614017 0.015771 0.021533
20 0.171598 0.356188 0.014705 0.019203
20 0.203568 0.311083 0.014705 0.019207
0 0.211979 0.361915 0.021179 0.027237
20 0.210090 0.432722 0.014067 0.020370
20 0.383135 0.356915 0.015347 0.021243
20 0.500061 0.305117 0.015557 0.022407
20 0.533097 0.349787 0.015134 0.022113
20 0.495159 0.428940 0.016836 0.021533
20 0.495670 0.532825 0.015774 0.022117
20 0.534780 0.610670 0.015132 0.022407
20 0.501852 0.656065 0.016199 0.021823
20 0.384308 0.608050 0.015559 0.018913
20 0.321006 0.609795 0.015557 0.022990
20 0.205486 0.657812 0.015986 0.020663
