20 0.517257 0.655178 0.015911 0.020517
20 0.635260 0.604793 0.015027 0.021120
20 0.698903 0.604190 0.015027 0.019913
20 0.816021 0.650653 0.014141 0.022327
20 0.848503 0.606000 0.016353 0.022327
20 0.809391 0.528462 0.014143 0.020517
20 0.809391 0.424068 0.015027 0.020517
20 0.846736 0.347133 0.014585 0.023533
20 0.813147 0.303385 0.014585 0.022930
20 0.696692 0.351055 0.015024 0.021723
20 0.633271 0.353167 0.014585 0.022327
20 0.515490 0.306100 0.015911 0.021120
20 0.482784 0.350753 0.015911 0.022327
20 0.521455 0.427085 0.016353 0.021723
20 0.521676 0.531477 0.015027 0.020513
20 0.484110 0.611128 0.015027 0.021723
0 0.521897 0.598157 0.019888 0.028360
0 0.559685 0.545055 0.022100 0.031983
22 0.665314 0.602380 0.019446 0.023533
0 0.807402 0.595138 0.024307 0.031983
0 0.771604 0.543848 0.023423 0.028363
0 0.805414 0.353770 0.021213 0.030773
0 0.771383 0.404458 0.022097 0.030777
0 0.663545 0.351960 0.022983 0.030773
0 0.560378 0.406203 0.020620 0.031280
0 0.522192 0.353545 0.020620 0.023983
