20 0.314044 0.534737 0.015911 0.021120
20 0.313602 0.431252 0.017678 0.022930
20 0.274932 0.354615 0.015469 0.021723
20 0.423872 0.355822 0.012817 0.022930
20 0.307195 0.309660 0.015469 0.022327
20 0.605073 0.304532 0.016353 0.022930
20 0.487513 0.355520 0.015466 0.023533
20 0.639104 0.348883 0.016353 0.021120
20 0.600433 0.425517 0.015911 0.022327
20 0.600875 0.530815 0.015911 0.021723
20 0.639767 0.609560 0.016794 0.022327
20 0.607063 0.654817 0.015024 0.024740
20 0.487955 0.607147 0.015466 0.022327
20 0.424756 0.605940 0.014585 0.021120
20 0.307416 0.657532 0.014143 0.020517
20 0.275594 0.611672 0.015911 0.021723
22 0.457903 0.601717 0.013701 0.017500
0 0.600212 0.599002 0.021655 0.032583
0 0.315371 0.600510 0.022100 0.030773
0 0.350948 0.547408 0.024309 0.029570
0 0.562205 0.545297 0.022539 0.033793
0 0.561542 0.406208 0.023865 0.029570
0 0.598224 0.356123 0.021213 0.028360
0 0.456135 0.354012 0.021655 0.030170
0 0.349844 0.408923 0.021216 0.030173
0 0.314044 0.359443 0.021213 0.030173
