20 0.340798 0.308687 0.015376 0.024627
0 0.385201 0.547425 0.021790 0.025143
0 0.349446 0.598548 0.022100 0.030170
0 0.633802 0.597292 0.020564 0.028497
0 0.596359 0.545330 0.022405 0.030173
0 0.632114 0.355295 0.021484 0.027237
0 0.595898 0.407465 0.021484 0.031010
0 0.490320 0.352570 0.022100 0.026820
0 0.384894 0.409562 0.020564 0.030170
0 0.347911 0.357598 0.020256 0.027657
20 0.348096 0.534700 0.015347 0.020253
20 0.310370 0.613095 0.014578 0.020603
20 0.342853 0.657095 0.015090 0.020603
20 0.460120 0.607333 0.016880 0.023747
22 0.492728 0.602795 0.014578 0.018857
20 0.523805 0.606462 0.014324 0.022697
20 0.642351 0.654652 0.016113 0.020603
20 0.675088 0.609080 0.014067 0.020253
20 0.635570 0.532082 0.017385 0.020603
20 0.635189 0.426622 0.015090 0.019903
20 0.673169 0.348227 0.014834 0.020253
20 0.640049 0.304227 0.014067 0.020253
20 0.523293 0.354163 0.014834 0.023047
20 0.458330 0.355385 0.014834 0.020603
20 0.347456 0.430988 0.015088 0.018857
20 0.308715 0.354302 0.015911 0.023170
