20 0.879901 0.345395 0.015378 0.023897
0 0.806978 0.543438 0.022275 0.028963
0 0.806448 0.404410 0.024395 0.034760
0 0.839861 0.353723 0.023335 0.031860
0 0.698257 0.349740 0.023335 0.032587
0 0.555062 0.352637 0.019094 0.026793
0 0.595104 0.406943 0.018562 0.028240
0 0.596165 0.545248 0.020684 0.029690
0 0.556388 0.597383 0.019622 0.029687
22 0.702235 0.599918 0.018562 0.023170
20 0.669088 0.352998 0.016970 0.021723
20 0.732994 0.351913 0.017502 0.022447
20 0.848346 0.300863 0.014851 0.023173
0 0.840924 0.594493 0.024402 0.031147
20 0.843837 0.423962 0.018562 0.027517
20 0.844899 0.528232 0.017502 0.021723
20 0.882554 0.604625 0.015381 0.022450
20 0.850466 0.650243 0.013789 0.022447
20 0.733259 0.603538 0.013789 0.020277
20 0.670679 0.604987 0.014849 0.023173
20 0.552145 0.653863 0.018562 0.022447
20 0.520060 0.610417 0.014851 0.022447
20 0.556654 0.531852 0.015911 0.021723
20 0.556389 0.426133 0.016440 0.021720
20 0.516346 0.351188 0.015911 0.023897
20 0.551084 0.303035 0.016440 0.021723
