0 0.629874 0.353577 0.020564 0.031007
0 0.667778 0.406795 0.023325 0.031010
22 0.525830 0.413918 0.015654 0.018437
0 0.382040 0.410147 0.020872 0.026820
0 0.419330 0.355462 0.022405 0.030590
20 0.343295 0.420340 0.015911 0.023893
20 0.375646 0.465598 0.014851 0.021723
20 0.493383 0.414908 0.015911 0.021723
20 0.558351 0.414185 0.014319 0.020277
20 0.676354 0.462338 0.015911 0.022450
20 0.708175 0.417807 0.015911 0.023173
20 0.668663 0.339603 0.016443 0.023173
20 0.667867 0.235695 0.016970 0.023897
20 0.706052 0.158577 0.014849 0.024620
20 0.672375 0.116940 0.016440 0.022447
20 0.382009 0.343223 0.016973 0.024620
20 0.381744 0.238952 0.016443 0.020277
20 0.342233 0.162558 0.015911 0.019550
20 0.375380 0.119477 0.014319 0.018827
20 0.491792 0.165455 0.018032 0.023897
20 0.556760 0.165817 0.016440 0.024620
0 0.383575 0.171085 0.022712 0.028077
0 0.418563 0.217808 0.019641 0.030170
0 0.523682 0.164380 0.021792 0.025560
0 0.629414 0.214455 0.022710 0.028497
0 0.665630 0.166893 0.022100 0.029753
