0 0.632494 0.647708 0.021213 0.027517
20 0.670413 0.664002 0.015381 0.020997
20 0.708599 0.587245 0.014321 0.025343
20 0.675983 0.541627 0.015911 0.021000
20 0.557980 0.591953 0.014319 0.020273
20 0.495663 0.593040 0.015911 0.021000
20 0.672269 0.768635 0.015911 0.021723
20 0.709128 0.843942 0.015381 0.020277
20 0.677573 0.888473 0.014849 0.023893
20 0.559835 0.842130 0.016970 0.021000
20 0.497255 0.842493 0.014851 0.024620
20 0.380312 0.892818 0.015381 0.022450
20 0.347166 0.848285 0.014849 0.023170
20 0.385085 0.771532 0.016440 0.023170
20 0.383759 0.667622 0.015911 0.022450
20 0.343983 0.590867 0.015911 0.021000
20 0.377130 0.546335 0.015378 0.021723
22 0.527484 0.838512 0.016970 0.025343
0 0.670149 0.832717 0.022275 0.034033
0 0.633289 0.784927 0.024927 0.032587
0 0.421149 0.786375 0.023865 0.035483
0 0.385616 0.833080 0.023865 0.033307
0 0.420885 0.646623 0.025457 0.034033
0 0.384025 0.595573 0.022805 0.030413
0 0.526688 0.589782 0.021746 0.027517
0 0.669618 0.592677 0.025457 0.033307
