20 0.382296 0.439413 0.015911 0.022593
0 0.668054 0.502433 0.024043 0.030380
0 0.630841 0.449705 0.021228 0.028983
0 0.666520 0.260675 0.022712 0.029330
0 0.631224 0.310960 0.022712 0.030173
0 0.524264 0.258788 0.024246 0.030590
0 0.382162 0.265493 0.022405 0.029753
0 0.419147 0.313265 0.020872 0.030590
0 0.382469 0.505187 0.022405 0.029753
0 0.418993 0.451548 0.021790 0.030590
20 0.343185 0.259208 0.015652 0.022210
20 0.376178 0.212275 0.014119 0.021370
20 0.492805 0.259208 0.014731 0.022210
20 0.674500 0.207457 0.015347 0.020953
20 0.556492 0.259837 0.015039 0.020953
20 0.707339 0.253132 0.017188 0.021790
20 0.670204 0.330237 0.014119 0.022627
20 0.708827 0.513185 0.015559 0.021243
20 0.670143 0.436068 0.016624 0.021243
20 0.676750 0.558870 0.014492 0.020660
22 0.526127 0.506755 0.010818 0.016510
20 0.559539 0.510665 0.016548 0.022590
20 0.495260 0.510665 0.016545 0.024330
20 0.376569 0.560628 0.015911 0.019983
20 0.345065 0.516313 0.016545 0.023460
20 0.382614 0.335142 0.017820 0.022590
