20 0.382654 0.485993 0.016265 0.022627
20 0.381887 0.382490 0.015347 0.020953
20 0.342786 0.306015 0.016880 0.022210
20 0.375626 0.259502 0.013811 0.019697
20 0.493942 0.307692 0.015344 0.021370
20 0.557443 0.306435 0.015959 0.022210
20 0.674714 0.256150 0.014731 0.019693
20 0.707985 0.300568 0.015652 0.021370
20 0.670695 0.378302 0.015959 0.021790
20 0.671154 0.483898 0.016267 0.020950
20 0.710439 0.560792 0.015654 0.021370
20 0.677600 0.606048 0.016880 0.021370
20 0.559008 0.557230 0.016575 0.023467
20 0.494095 0.558697 0.016267 0.025560
20 0.377161 0.608983 0.015654 0.020533
20 0.343645 0.565150 0.015039 0.020533
22 0.525363 0.552488 0.012727 0.019550
0 0.382964 0.311363 0.021743 0.029687
0 0.418497 0.359515 0.023865 0.028963
0 0.525098 0.304485 0.025986 0.028963
0 0.667231 0.307380 0.021743 0.028967
0 0.630903 0.356618 0.023335 0.033310
0 0.668557 0.550317 0.025459 0.035480
0 0.632229 0.496733 0.024927 0.031133
0 0.419558 0.498905 0.023867 0.031137
0 0.383495 0.551403 0.019622 0.031860
