20 0.495132 0.544885 0.013789 0.021723
0 0.384290 0.547783 0.019092 0.030413
0 0.419558 0.598832 0.021743 0.029690
0 0.525627 0.542352 0.019624 0.026790
0 0.632493 0.599193 0.022275 0.030413
0 0.668557 0.544887 0.020151 0.030413
0 0.631698 0.736050 0.019622 0.030413
0 0.669352 0.785290 0.022805 0.031860
22 0.528015 0.791082 0.019092 0.021723
0 0.386411 0.786375 0.023335 0.034030
0 0.421678 0.737860 0.022805 0.031133
20 0.347695 0.799770 0.013789 0.020273
20 0.378986 0.845752 0.015911 0.022450
20 0.496990 0.795065 0.019624 0.023897
20 0.559039 0.794702 0.017502 0.023170
20 0.676777 0.840683 0.019624 0.026793
20 0.671210 0.719033 0.015911 0.022447
20 0.711250 0.797237 0.015381 0.026793
20 0.670944 0.616572 0.016443 0.021723
20 0.709128 0.538007 0.016440 0.022447
20 0.676512 0.492750 0.015911 0.020273
20 0.559039 0.543800 0.017502 0.023893
20 0.377130 0.496008 0.016443 0.023897
20 0.343718 0.542352 0.014321 0.022450
20 0.383229 0.620555 0.015911 0.023897
20 0.384290 0.722653 0.016973 0.023893
