20 0.668492 0.290913 0.015911 0.025200
20 0.667856 0.189685 0.013364 0.024330
20 0.706678 0.110178 0.014636 0.026937
20 0.672311 0.066732 0.015911 0.025197
20 0.557119 0.116695 0.014639 0.022590
20 0.490933 0.120605 0.017183 0.023463
0 0.383696 0.123647 0.024185 0.033020
0 0.417744 0.169263 0.021001 0.028673
0 0.419653 0.306990 0.026094 0.033020
0 0.382104 0.363470 0.023550 0.033020
0 0.629672 0.304382 0.023547 0.031283
0 0.666903 0.360427 0.021638 0.028673
0 0.628081 0.168395 0.024185 0.030410
0 0.524344 0.116260 0.019094 0.023460
0 0.665947 0.121473 0.026094 0.030413
20 0.375104 0.071945 0.015911 0.025197
20 0.342646 0.117128 0.018457 0.025197
20 0.381786 0.192725 0.014001 0.025197
20 0.380514 0.297865 0.017820 0.025197
20 0.343601 0.373462 0.016548 0.026937
20 0.375422 0.419082 0.016548 0.024330
22 0.528163 0.368248 0.017820 0.021723
20 0.494115 0.368248 0.015911 0.025197
20 0.558074 0.366945 0.015273 0.024330
20 0.675812 0.412997 0.016545 0.022593
20 0.708269 0.367380 0.015273 0.025200
