20 0.623859 0.330907 0.014734 0.019273
0 0.621987 0.263852 0.019888 0.027657
0 0.588472 0.312125 0.020625 0.026650
0 0.491425 0.259828 0.019519 0.027657
0 0.394746 0.313635 0.021362 0.027657
0 0.360127 0.264103 0.019888 0.029167
0 0.586447 0.438340 0.020256 0.026653
0 0.621986 0.485858 0.024309 0.032183
0 0.365283 0.485858 0.019888 0.025143
0 0.395668 0.439095 0.020994 0.026150
22 0.493634 0.490135 0.015837 0.020617
20 0.330477 0.497928 0.015100 0.019110
20 0.363135 0.426238 0.014731 0.019277
20 0.359452 0.535400 0.013196 0.017600
20 0.360066 0.332792 0.015039 0.018857
20 0.322316 0.261555 0.013811 0.018857
20 0.660074 0.256947 0.014119 0.020533
20 0.351931 0.219022 0.014731 0.019277
20 0.461654 0.262603 0.013196 0.020953
20 0.520428 0.262393 0.013503 0.022207
20 0.630458 0.215460 0.013811 0.019693
20 0.464110 0.492237 0.013811 0.020113
20 0.521503 0.492238 0.011970 0.018437
20 0.626313 0.535817 0.014731 0.020113
20 0.655931 0.495800 0.015037 0.019693
20 0.623245 0.425608 0.015347 0.021790
