20 0.553320 0.306583 0.012817 0.021120
20 0.496530 0.534073 0.012375 0.019913
20 0.551774 0.534677 0.012375 0.018707
20 0.656296 0.576615 0.013701 0.019310
20 0.686792 0.537990 0.014585 0.018113
20 0.692096 0.301757 0.011931 0.021120
20 0.654087 0.467998 0.014585 0.022930
20 0.654529 0.375072 0.014585 0.020517
20 0.661821 0.261628 0.013257 0.020517
0 0.618730 0.356365 0.018120 0.027757
0 0.654308 0.307790 0.019446 0.029567
0 0.618289 0.481877 0.019888 0.030173
0 0.651215 0.526228 0.020330 0.028363
0 0.427408 0.481275 0.019890 0.026550
0 0.427186 0.357270 0.022097 0.029567
0 0.396249 0.528340 0.022097 0.028967
0 0.391344 0.307790 0.021213 0.030773
22 0.524814 0.528945 0.020332 0.022930
20 0.390902 0.577520 0.013259 0.022327
20 0.361511 0.538598 0.013701 0.018103
20 0.394879 0.470110 0.014143 0.018707
20 0.393112 0.375675 0.015027 0.019310
20 0.356429 0.304472 0.014143 0.018103
20 0.385155 0.264343 0.014143 0.021120
20 0.493878 0.306885 0.012375 0.019310
0 0.522803 0.304015 0.020605 0.025637
