0 0.519731 0.483387 0.019888 0.027153
22 0.650110 0.489118 0.018120 0.025343
20 0.483491 0.258008 0.012817 0.019310
20 0.513987 0.216975 0.016353 0.022930
20 0.622708 0.261930 0.013701 0.021120
20 0.682594 0.261025 0.013259 0.022930
20 0.792198 0.215165 0.015911 0.024137
20 0.819380 0.256802 0.015469 0.022930
20 0.782698 0.331323 0.014585 0.021120
20 0.780266 0.425155 0.014141 0.021723
20 0.811866 0.494247 0.012815 0.018707
20 0.782477 0.534677 0.014143 0.017500
20 0.679280 0.491230 0.015469 0.021120
20 0.620940 0.492135 0.015469 0.020517
20 0.519290 0.425758 0.015469 0.020517
20 0.519510 0.329513 0.015027 0.021120
20 0.485480 0.496057 0.014143 0.017500
20 0.515313 0.535883 0.014585 0.021120
0 0.519952 0.263137 0.019446 0.027153
0 0.554646 0.310807 0.019004 0.025947
0 0.652540 0.260120 0.020330 0.029567
0 0.748888 0.311108 0.022097 0.031377
0 0.783582 0.263137 0.021655 0.029567
0 0.744026 0.438733 0.020332 0.029567
0 0.776731 0.483385 0.024751 0.030777
0 0.554646 0.438733 0.019888 0.025947
