20 0.616565 0.490325 0.012817 0.020517
20 0.449240 0.216975 0.014143 0.019310
20 0.418744 0.261025 0.014143 0.021723
20 0.455648 0.331927 0.014583 0.019913
20 0.456135 0.424853 0.016353 0.018707
20 0.422988 0.496660 0.014585 0.017500
20 0.453704 0.535582 0.013257 0.020517
20 0.559066 0.491532 0.012815 0.020517
20 0.720182 0.534073 0.013303 0.018707
20 0.749794 0.493643 0.012332 0.016293
20 0.717994 0.424552 0.013259 0.019310
20 0.720425 0.330720 0.016353 0.021120
20 0.756223 0.256802 0.015469 0.024137
20 0.617449 0.261930 0.016353 0.021120
20 0.558669 0.261628 0.016353 0.022930
20 0.727719 0.215768 0.015027 0.024137
22 0.587130 0.489420 0.016794 0.022327
0 0.457859 0.483990 0.017236 0.024740
0 0.491227 0.437828 0.019446 0.025343
0 0.684141 0.438130 0.021655 0.030773
0 0.715962 0.482782 0.022539 0.034397
0 0.683699 0.311108 0.022539 0.025343
0 0.718392 0.261930 0.021213 0.027153
0 0.587572 0.257405 0.021213 0.030170
0 0.455869 0.262232 0.020332 0.026550
0 0.491448 0.312918 0.019888 0.028963
