0 0.649889 0.438733 0.019446 0.030773
0 0.687919 0.263137 0.021257 0.031980
20 0.424933 0.333435 0.015027 0.021723
20 0.386703 0.261025 0.014583 0.020517
20 0.417197 0.218483 0.014585 0.019913
20 0.526141 0.261628 0.013259 0.020517
20 0.585583 0.261628 0.014585 0.021723
20 0.695194 0.216070 0.014592 0.021120
20 0.724800 0.257405 0.013701 0.022930
20 0.688118 0.329815 0.016353 0.022930
20 0.686571 0.426362 0.015027 0.019310
20 0.719055 0.495755 0.015469 0.021723
20 0.689880 0.535883 0.014575 0.021120
20 0.583816 0.493643 0.015469 0.021120
20 0.527467 0.492437 0.016794 0.021120
20 0.420513 0.535582 0.013257 0.018103
20 0.391565 0.496660 0.011934 0.021120
20 0.424712 0.427267 0.015469 0.017500
0 0.424314 0.264947 0.019888 0.027153
0 0.457903 0.312013 0.019004 0.027153
0 0.555575 0.258913 0.019006 0.027153
0 0.459008 0.439638 0.020330 0.026550
0 0.426744 0.484895 0.019446 0.027757
22 0.555309 0.487308 0.015027 0.024137
0 0.653225 0.310807 0.019844 0.027153
0 0.683036 0.483990 0.022097 0.029567
