0 0.362336 0.314638 0.019888 0.026650
20 0.292177 0.262845 0.015100 0.022630
20 0.320166 0.218847 0.013628 0.021120
20 0.429919 0.263600 0.012891 0.020113
20 0.487926 0.262845 0.013997 0.020617
20 0.328821 0.333748 0.013257 0.020617
20 0.330479 0.428535 0.012891 0.019110
20 0.298621 0.497927 0.014731 0.020113
20 0.329005 0.537150 0.012156 0.019107
20 0.432498 0.492397 0.012891 0.020113
20 0.490504 0.492900 0.011785 0.020113
22 0.462881 0.489883 0.014731 0.020113
20 0.594733 0.535140 0.011785 0.020113
20 0.625117 0.495665 0.014365 0.017597
20 0.591786 0.426523 0.014734 0.020113
20 0.591970 0.331233 0.014365 0.019613
20 0.627695 0.257567 0.014365 0.020113
20 0.597863 0.216583 0.013625 0.022627
0 0.458462 0.260835 0.018413 0.027657
0 0.590128 0.263600 0.019519 0.027153
0 0.555509 0.312125 0.018782 0.027657
0 0.328085 0.266620 0.019890 0.027160
0 0.333977 0.485357 0.018413 0.026147
0 0.364362 0.440603 0.019519 0.025140
0 0.555325 0.438090 0.019888 0.027153
0 0.589760 0.484853 0.020994 0.029167
