20 0.238669 0.430283 0.015425 0.019913
20 0.224526 0.221198 0.015513 0.020517
20 0.196263 0.263740 0.012815 0.021120
20 0.234448 0.336452 0.015024 0.022930
20 0.333004 0.264645 0.014143 0.022930
20 0.392228 0.264947 0.014143 0.022327
20 0.499844 0.217880 0.014585 0.021120
20 0.529897 0.258913 0.011934 0.019913
20 0.495646 0.331625 0.014143 0.019310
20 0.496530 0.425758 0.015027 0.019310
20 0.530560 0.497263 0.015027 0.022327
20 0.501412 0.535883 0.014187 0.021120
20 0.395785 0.493643 0.012332 0.019913
20 0.338773 0.492738 0.012332 0.019310
20 0.236681 0.537090 0.013303 0.017500
20 0.207091 0.498470 0.012375 0.019913
22 0.370374 0.489420 0.016396 0.022327
0 0.232946 0.267963 0.019006 0.027153
0 0.266755 0.316238 0.022100 0.028363
0 0.363323 0.262533 0.019004 0.027153
0 0.458124 0.312918 0.021213 0.030170
0 0.493480 0.263438 0.018562 0.027757
0 0.270955 0.441147 0.021655 0.025947
0 0.241785 0.488515 0.019004 0.028963
0 0.460112 0.438733 0.019888 0.029567
0 0.496353 0.485800 0.021655 0.028360
