0 0.651877 0.479765 0.023423 0.029570
20 0.495646 0.479765 0.016794 0.018703
20 0.552437 0.478257 0.013701 0.019307
20 0.659833 0.435717 0.015466 0.019913
20 0.389135 0.437527 0.014143 0.019913
20 0.360848 0.477048 0.015027 0.021723
20 0.395321 0.546743 0.013259 0.019913
20 0.688339 0.473730 0.013259 0.021120
20 0.651877 0.544330 0.014585 0.022327
20 0.650110 0.633938 0.012817 0.020517
20 0.683699 0.700315 0.013701 0.018103
20 0.655192 0.736822 0.014143 0.019910
20 0.551774 0.696092 0.013259 0.019310
20 0.496975 0.696092 0.015034 0.019310
20 0.394216 0.736822 0.012817 0.019910
20 0.366372 0.700315 0.013701 0.021723
20 0.397531 0.635748 0.013259 0.020517
0 0.430236 0.646310 0.017678 0.027153
0 0.399519 0.687945 0.020771 0.029570
0 0.429573 0.528038 0.021655 0.028363
0 0.395763 0.479765 0.019446 0.028363
0 0.523489 0.476445 0.021216 0.026550
22 0.524816 0.691567 0.018562 0.021120
0 0.648563 0.687342 0.021213 0.029570
0 0.616079 0.646008 0.019888 0.028963
0 0.617626 0.528340 0.018562 0.028967
