20 0.691841 0.278148 0.014424 0.018437
0 0.658480 0.037217 0.021746 0.031860
0 0.653177 0.267843 0.019622 0.028240
0 0.620295 0.216795 0.018564 0.027517
0 0.391185 0.269293 0.018562 0.028240
0 0.424331 0.219330 0.019092 0.026793
0 0.622947 0.083922 0.019624 0.029690
20 0.552676 0.033235 0.016973 0.020997
20 0.492216 0.033233 0.015911 0.022447
0 0.521650 0.032872 0.022803 0.028963
0 0.423535 0.085370 0.021743 0.031133
0 0.387473 0.037942 0.020684 0.030410
20 0.696598 0.027352 0.013503 0.018857
20 0.659000 0.104038 0.013811 0.018857
20 0.656545 0.203978 0.011357 0.015923
20 0.661456 0.319845 0.011970 0.018857
20 0.553114 0.275007 0.013811 0.019693
22 0.523037 0.271653 0.012583 0.020533
20 0.494341 0.274588 0.012275 0.016343
20 0.385846 0.322778 0.011970 0.018857
20 0.355461 0.280453 0.013198 0.019693
20 0.388915 0.206285 0.014426 0.018857
20 0.387994 0.107600 0.014426 0.020113
