20 0.385819 0.305980 0.012815 0.021120
0 0.523976 0.347918 0.018562 0.024137
0 0.653689 0.349427 0.019888 0.027153
0 0.618553 0.399812 0.020330 0.026550
0 0.651038 0.567863 0.020771 0.028360
0 0.619216 0.523512 0.021655 0.028963
0 0.429396 0.526527 0.018562 0.031387
0 0.396470 0.567863 0.018120 0.024740
0 0.427407 0.401622 0.020771 0.028963
0 0.393376 0.353952 0.019004 0.026550
20 0.653203 0.512350 0.014585 0.019913
20 0.685245 0.578727 0.014143 0.017500
20 0.657446 0.617647 0.012373 0.019307
20 0.553143 0.576313 0.012375 0.017500
20 0.497015 0.575710 0.013259 0.021120
20 0.395365 0.512048 0.015027 0.020517
20 0.363102 0.578425 0.013259 0.019310
20 0.391832 0.618853 0.012380 0.016893
22 0.524595 0.572692 0.018120 0.021117
20 0.654529 0.417010 0.013701 0.019913
20 0.689443 0.346712 0.013701 0.021723
20 0.661379 0.304472 0.014141 0.018103
20 0.553541 0.349728 0.014143 0.019310
20 0.493878 0.349728 0.011492 0.019310
20 0.393774 0.417915 0.014585 0.020517
20 0.355546 0.347918 0.013259 0.018103
