20 0.661425 0.363003 0.013259 0.019307
20 0.388737 0.364513 0.015027 0.022327
20 0.494364 0.319558 0.013259 0.020517
20 0.553143 0.318350 0.013259 0.016893
20 0.692803 0.321067 0.018564 0.019913
20 0.657666 0.250165 0.016353 0.021723
20 0.657888 0.148788 0.015024 0.019310
20 0.694572 0.076077 0.014143 0.023533
20 0.664076 0.030217 0.013259 0.023533
20 0.553143 0.080903 0.015027 0.021120
20 0.491271 0.080602 0.014143 0.021723
0 0.620498 0.262533 0.019888 0.029567
20 0.380780 0.035647 0.014143 0.022327
20 0.351169 0.080300 0.015908 0.023533
20 0.387632 0.153315 0.013701 0.018703
0 0.654529 0.311410 0.019888 0.028360
0 0.621382 0.130385 0.019888 0.030777
0 0.658286 0.082112 0.022100 0.029570
0 0.523047 0.078490 0.022100 0.028360
0 0.422943 0.133100 0.021658 0.028967
0 0.389133 0.085732 0.022100 0.031983
0 0.424712 0.262835 0.019888 0.027757
0 0.391786 0.313522 0.016794 0.028963
22 0.523047 0.314730 0.013257 0.015687
20 0.355104 0.326195 0.016794 0.020517
20 0.392228 0.253785 0.018562 0.018103
