22 0.524595 0.446878 0.015469 0.020517
20 0.384735 0.173227 0.015071 0.021120
20 0.354706 0.215165 0.015911 0.021723
20 0.359125 0.454118 0.014143 0.020517
20 0.388250 0.493643 0.012373 0.018707
20 0.494585 0.448688 0.014585 0.022930
20 0.554027 0.450197 0.016794 0.021120
20 0.657225 0.492738 0.014583 0.019310
20 0.687057 0.452007 0.014143 0.021120
20 0.653689 0.383518 0.014585 0.020517
20 0.655457 0.286067 0.011934 0.018707
0 0.394702 0.444163 0.018120 0.031980
0 0.392272 0.220595 0.020330 0.026550
0 0.423850 0.267965 0.020728 0.029570
0 0.522649 0.215467 0.018564 0.027153
0 0.427164 0.397700 0.021169 0.025947
20 0.392272 0.384122 0.014143 0.021723
20 0.552039 0.217880 0.014585 0.021120
20 0.663192 0.170817 0.011492 0.018700
20 0.693245 0.212752 0.012373 0.021723
20 0.392272 0.287575 0.015911 0.020517
20 0.494806 0.216975 0.014143 0.020517
0 0.655677 0.219388 0.020330 0.027757
0 0.620984 0.267965 0.020771 0.031983
0 0.618112 0.394382 0.020330 0.031377
0 0.652761 0.441448 0.019004 0.024137
