20 0.528254 0.331183 0.013994 0.020113
20 0.268052 0.537100 0.014365 0.020620
20 0.237114 0.499387 0.012891 0.019613
20 0.269709 0.428233 0.013994 0.019107
22 0.400823 0.489833 0.013994 0.024640
0 0.272103 0.486815 0.017312 0.024637
0 0.301935 0.442817 0.020256 0.028160
0 0.298069 0.315092 0.020625 0.027157
0 0.491609 0.313583 0.020991 0.025140
0 0.492162 0.440300 0.018416 0.027153
0 0.528439 0.485307 0.022468 0.026653
0 0.526045 0.264555 0.016943 0.028663
0 0.394746 0.262293 0.021729 0.028160
0 0.264922 0.267573 0.019150 0.025647
20 0.256451 0.220555 0.012522 0.018103
20 0.227355 0.264303 0.013997 0.020113
20 0.265474 0.334200 0.012891 0.019107
20 0.364730 0.264303 0.013259 0.021120
20 0.423657 0.263298 0.014731 0.019110
20 0.531753 0.217287 0.013628 0.018607
20 0.562137 0.258018 0.013997 0.021623
20 0.527701 0.427730 0.014363 0.018100
20 0.561586 0.496872 0.012156 0.019610
20 0.533594 0.536347 0.012891 0.020113
20 0.427526 0.493603 0.015100 0.018100
20 0.370623 0.494358 0.013994 0.019610
