20 0.513728 0.216298 0.014834 0.019557
0 0.518715 0.262567 0.017649 0.024793
0 0.555544 0.311805 0.020205 0.028983
0 0.651583 0.258727 0.021482 0.026887
20 0.519354 0.330313 0.013811 0.018507
20 0.520377 0.425995 0.014324 0.017810
20 0.485593 0.495835 0.012275 0.017810
20 0.515006 0.535118 0.014324 0.018857
20 0.621915 0.491818 0.013811 0.019557
20 0.678055 0.491643 0.013044 0.018507
20 0.782023 0.533897 0.012278 0.017807
20 0.812074 0.494962 0.012019 0.016763
20 0.780487 0.425295 0.013298 0.017810
20 0.783044 0.329788 0.014834 0.018857
20 0.820770 0.257678 0.012532 0.019903
20 0.791869 0.215773 0.012532 0.019207
20 0.682146 0.261345 0.014067 0.018157
20 0.623065 0.260647 0.013044 0.020253
0 0.748773 0.311280 0.020461 0.025840
0 0.782021 0.263790 0.021484 0.030033
0 0.745193 0.436820 0.020972 0.028287
0 0.774733 0.483262 0.021741 0.028983
0 0.519354 0.484310 0.020974 0.028287
0 0.554009 0.437343 0.020205 0.027240
22 0.649154 0.488675 0.017649 0.025843
20 0.483163 0.257853 0.012532 0.018860
