0 0.622682 0.262775 0.019094 0.029690
20 0.655298 0.496298 0.015381 0.021723
20 0.520590 0.261690 0.015378 0.020273
20 0.462252 0.262052 0.013259 0.019550
20 0.621356 0.423527 0.013259 0.021000
20 0.625864 0.533590 0.019092 0.018100
20 0.521119 0.493040 0.014319 0.022447
20 0.463842 0.492687 0.014319 0.021707
20 0.359629 0.535038 0.013789 0.022450
20 0.330725 0.496662 0.015381 0.019550
20 0.363341 0.427508 0.016970 0.021723
20 0.350082 0.220053 0.014851 0.021000
20 0.360159 0.331927 0.012729 0.017380
20 0.322770 0.262413 0.013259 0.021720
0 0.366788 0.485800 0.022805 0.029687
0 0.396487 0.438733 0.020684 0.028240
22 0.493542 0.490868 0.016440 0.022450
0 0.621887 0.485800 0.020684 0.028240
0 0.586619 0.438372 0.023335 0.027517
0 0.587148 0.313462 0.018032 0.025343
0 0.360424 0.265672 0.022805 0.026790
0 0.394366 0.314550 0.019622 0.030413
0 0.490360 0.260240 0.018562 0.024620
