20 0.527103 0.492517 0.013298 0.019207
20 0.585417 0.261695 0.013301 0.021303
20 0.695140 0.215600 0.013811 0.019207
0 0.554779 0.259033 0.017678 0.025947
20 0.724041 0.257330 0.013301 0.019553
0 0.424401 0.263860 0.017678 0.025947
0 0.458433 0.311532 0.020332 0.027157
0 0.459760 0.440362 0.018562 0.026550
0 0.426844 0.484857 0.018455 0.028673
0 0.682727 0.484110 0.019004 0.029567
0 0.650685 0.438250 0.020330 0.025947
0 0.686704 0.263258 0.020771 0.030777
0 0.652673 0.312437 0.018120 0.024140
20 0.688234 0.330138 0.013298 0.019903
20 0.686444 0.425287 0.014832 0.018173
20 0.719437 0.495135 0.013298 0.018857
20 0.689640 0.534945 0.012532 0.018157
20 0.584266 0.491468 0.012019 0.017810
22 0.555876 0.490072 0.014580 0.021303
20 0.526975 0.262218 0.014067 0.021650
20 0.421473 0.536865 0.014324 0.018510
20 0.391805 0.496882 0.013298 0.018157
20 0.425562 0.427043 0.013818 0.019553
20 0.423903 0.331710 0.014578 0.020953
20 0.386995 0.259517 0.012197 0.019553
20 0.416960 0.218967 0.013789 0.022447
