20 0.224669 0.222502 0.014280 0.020370
22 0.369921 0.490223 0.013640 0.017460
20 0.237563 0.537365 0.012788 0.018043
20 0.339655 0.494152 0.013215 0.018917
20 0.395923 0.493862 0.012788 0.017750
20 0.502491 0.536493 0.013215 0.019787
20 0.531157 0.497062 0.013003 0.018917
20 0.495990 0.426932 0.014280 0.018917
20 0.495670 0.330463 0.014495 0.019207
20 0.530625 0.258877 0.014492 0.021533
20 0.391448 0.264408 0.015347 0.020370
20 0.500039 0.215665 0.015132 0.019497
20 0.333474 0.265572 0.012788 0.020370
20 0.206978 0.498808 0.015132 0.020077
0 0.459747 0.440630 0.017820 0.027807
0 0.244320 0.487552 0.021003 0.031283
0 0.270413 0.443670 0.018457 0.028673
0 0.266277 0.315070 0.020366 0.030413
0 0.233818 0.267278 0.020366 0.026937
0 0.494432 0.264237 0.019729 0.026067
0 0.458157 0.312898 0.018457 0.024330
0 0.363330 0.262498 0.021001 0.029543
0 0.494432 0.484945 0.019729 0.026070
20 0.238096 0.429550 0.013428 0.019500
20 0.234047 0.335557 0.013425 0.019500
20 0.196428 0.263825 0.014067 0.019790
