20 0.452532 0.536245 0.012891 0.018103
20 0.616610 0.491492 0.013259 0.018103
20 0.720286 0.534233 0.012891 0.019107
20 0.750117 0.495263 0.012891 0.018607
20 0.717892 0.424612 0.013997 0.019110
20 0.720469 0.329573 0.013994 0.020113
20 0.756930 0.256660 0.012522 0.021120
20 0.727467 0.215427 0.014734 0.020113
20 0.617898 0.262443 0.013628 0.019613
20 0.559338 0.261942 0.013628 0.020617
20 0.455663 0.330830 0.014734 0.018607
20 0.418649 0.259425 0.013625 0.021623
20 0.449218 0.216432 0.013625 0.018103
0 0.457872 0.484955 0.018416 0.026150
0 0.492124 0.437687 0.021362 0.028160
22 0.586962 0.488977 0.020994 0.023133
0 0.714209 0.483193 0.020625 0.030673
0 0.682719 0.437687 0.020256 0.027153
0 0.685297 0.311723 0.019519 0.025647
0 0.719365 0.262945 0.020625 0.028663
0 0.587146 0.258672 0.019150 0.026150
0 0.491019 0.312728 0.019153 0.025643
0 0.455111 0.263448 0.019519 0.027657
20 0.558787 0.492497 0.014731 0.019107
20 0.456583 0.426623 0.013625 0.019107
20 0.423622 0.496770 0.012522 0.017600
