20 0.389124 0.494007 0.012788 0.019787
20 0.495159 0.450355 0.013853 0.020370
20 0.658954 0.493715 0.011936 0.018043
20 0.688899 0.452538 0.013428 0.019497
20 0.655223 0.382698 0.014280 0.017750
20 0.656396 0.286377 0.015347 0.018913
20 0.693055 0.212172 0.014065 0.018917
20 0.663109 0.171287 0.014280 0.019207
20 0.553132 0.217555 0.013428 0.020370
0 0.620909 0.267898 0.020247 0.027937
0 0.522760 0.215955 0.017903 0.024737
0 0.391256 0.220028 0.019182 0.027063
0 0.425250 0.268772 0.018967 0.026190
20 0.353318 0.216247 0.014067 0.018913
20 0.383689 0.172452 0.013003 0.018623
0 0.655437 0.218575 0.021528 0.029390
20 0.552578 0.449948 0.013555 0.019557
0 0.618820 0.396347 0.019695 0.026887
0 0.651429 0.442267 0.020461 0.028633
22 0.523676 0.447678 0.015090 0.019903
0 0.426359 0.396695 0.020461 0.026890
0 0.394132 0.443138 0.020461 0.026190
20 0.493027 0.216683 0.013428 0.020953
20 0.391256 0.287395 0.014919 0.018623
20 0.392854 0.383717 0.013853 0.019207
20 0.359498 0.454430 0.013215 0.019207
