20 0.394965 0.738215 0.014280 0.017750
20 0.366084 0.700967 0.012788 0.017753
20 0.397947 0.636218 0.013428 0.016877
20 0.395710 0.546592 0.014067 0.018623
20 0.360010 0.477915 0.013428 0.016877
0 0.396136 0.481988 0.019182 0.026770
0 0.428959 0.528838 0.018757 0.026190
0 0.524337 0.478205 0.020676 0.024443
0 0.618990 0.528258 0.018542 0.026190
0 0.651387 0.479660 0.019395 0.027353
20 0.659884 0.435725 0.013997 0.018603
0 0.649204 0.688157 0.021362 0.029667
0 0.616604 0.647930 0.021719 0.028667
0 0.431356 0.648180 0.020256 0.027153
0 0.400419 0.689917 0.021731 0.029167
22 0.525455 0.691927 0.016941 0.021120
20 0.496522 0.697910 0.011936 0.015713
20 0.552791 0.697037 0.012363 0.017460
20 0.653711 0.737778 0.012148 0.016297
20 0.682697 0.700822 0.013000 0.016877
20 0.650620 0.635200 0.012363 0.016587
20 0.652239 0.544698 0.013428 0.018917
20 0.688047 0.475295 0.013003 0.018043
20 0.552898 0.480387 0.013428 0.018333
20 0.495469 0.480680 0.013662 0.018333
20 0.388794 0.438337 0.012554 0.017460
