20 0.654750 0.699445 0.011692 0.016370
20 0.683463 0.660240 0.013171 0.018793
20 0.651567 0.593655 0.013320 0.018997
20 0.652899 0.503120 0.014504 0.018187
20 0.688718 0.433200 0.013320 0.019400
20 0.660153 0.393692 0.013914 0.017983
20 0.552695 0.437342 0.012729 0.019197
20 0.494972 0.437747 0.014504 0.019600
20 0.387441 0.394905 0.013174 0.018390
0 0.616488 0.607395 0.017170 0.025463
0 0.652292 0.436635 0.019688 0.027283
0 0.618768 0.486650 0.018352 0.025867
0 0.523389 0.433907 0.018945 0.024453
20 0.358950 0.435827 0.014209 0.018187
0 0.394546 0.438453 0.018799 0.025460
0 0.428219 0.485237 0.020129 0.026473
20 0.394917 0.504132 0.014209 0.018997
20 0.397358 0.595272 0.012876 0.017783
0 0.430216 0.607497 0.019685 0.026067
20 0.365240 0.661757 0.012878 0.016973
0 0.398912 0.650237 0.018059 0.024653
20 0.394398 0.699042 0.012878 0.017177
20 0.496674 0.658320 0.014060 0.018187
22 0.524204 0.653773 0.017021 0.021220
20 0.552252 0.658320 0.012434 0.017380
0 0.648829 0.648923 0.020574 0.028493
