20 0.492473 0.080633 0.014321 0.019207
20 0.665242 0.030698 0.014067 0.020603
20 0.695293 0.073998 0.012275 0.020603
20 0.657697 0.149600 0.014324 0.017460
0 0.619843 0.262393 0.020461 0.025840
0 0.653729 0.311455 0.019690 0.026890
20 0.657184 0.249298 0.014324 0.017810
20 0.691584 0.322455 0.012534 0.018157
20 0.661404 0.363662 0.014067 0.018857
20 0.553473 0.319662 0.012532 0.018857
22 0.522909 0.315123 0.010232 0.014667
20 0.494008 0.320010 0.013811 0.020253
20 0.386459 0.366107 0.013044 0.017460
0 0.391063 0.313377 0.018669 0.025840
20 0.390040 0.252440 0.014065 0.019207
20 0.356407 0.325250 0.013811 0.018160
0 0.424696 0.263615 0.019949 0.026890
0 0.423290 0.131617 0.017649 0.026887
0 0.388634 0.084125 0.017903 0.026190
20 0.388378 0.153093 0.013811 0.020953
20 0.350781 0.078538 0.014321 0.019903
20 0.380961 0.034540 0.014324 0.021300
0 0.522397 0.079412 0.020972 0.027937
0 0.621250 0.130395 0.018672 0.028637
0 0.656801 0.082205 0.019695 0.027937
20 0.553217 0.079412 0.014578 0.020950
