0 0.650945 0.567423 0.020278 0.025460
20 0.385709 0.307240 0.012581 0.018793
20 0.356329 0.348268 0.013616 0.018397
20 0.393037 0.419095 0.013320 0.018997
20 0.395479 0.512053 0.013765 0.018593
20 0.362620 0.580963 0.013765 0.016973
20 0.392148 0.618753 0.013320 0.017380
0 0.397034 0.568737 0.017466 0.025260
0 0.428781 0.524178 0.018206 0.026270
20 0.496052 0.576315 0.012729 0.018590
22 0.524470 0.572475 0.016279 0.019803
20 0.552667 0.576215 0.012581 0.019603
20 0.656792 0.618047 0.012432 0.017580
20 0.685728 0.578943 0.012876 0.017380
20 0.617495 0.523572 0.018799 0.025463
20 0.653240 0.511245 0.013320 0.017783
20 0.654646 0.417173 0.013174 0.017580
0 0.619419 0.400300 0.018799 0.026273
0 0.653018 0.350285 0.019390 0.027283
20 0.690686 0.346142 0.013320 0.018590
20 0.661232 0.305522 0.013616 0.018997
20 0.553184 0.350788 0.013320 0.019803
0 0.522990 0.348263 0.017761 0.025260
20 0.494424 0.351293 0.013320 0.018793
0 0.392520 0.352305 0.019390 0.026070
0 0.427745 0.400300 0.019094 0.027887
