0 0.656567 0.173470 0.018330 0.027353
0 0.425101 0.223230 0.019607 0.024447
0 0.389401 0.175943 0.019822 0.026480
20 0.382688 0.127490 0.012788 0.019207
0 0.522291 0.170558 0.018757 0.025610
22 0.524423 0.404670 0.014495 0.018333
20 0.494476 0.407288 0.013855 0.018917
20 0.388549 0.452685 0.013000 0.018917
20 0.358389 0.411943 0.012788 0.018333
0 0.393877 0.399867 0.018970 0.025027
20 0.553088 0.407288 0.013428 0.018330
0 0.426381 0.352143 0.020461 0.028520
20 0.392065 0.340940 0.013643 0.017753
20 0.389188 0.243600 0.014280 0.019207
20 0.352528 0.170268 0.014280 0.020370
0 0.620227 0.351853 0.019395 0.026773
20 0.493092 0.172742 0.013215 0.020077
20 0.553516 0.172305 0.013853 0.021537
20 0.663600 0.124872 0.013640 0.019790
20 0.694078 0.166777 0.012361 0.019207
0 0.621293 0.222212 0.019397 0.027643
20 0.656566 0.241272 0.014495 0.020950
20 0.655927 0.339632 0.013640 0.018623
20 0.690028 0.410198 0.013215 0.018330
20 0.659338 0.450357 0.012788 0.017753
0 0.653475 0.398558 0.019822 0.025897
