0 0.674535 0.580085 0.019182 0.025897
20 0.675281 0.526278 0.013428 0.016003
20 0.674320 0.437377 0.013215 0.015713
20 0.705972 0.371612 0.011724 0.016877
0 0.672296 0.378013 0.018967 0.024447
0 0.642244 0.421372 0.016836 0.022117
20 0.678477 0.335528 0.012573 0.018043
20 0.580967 0.377142 0.012363 0.016297
0 0.553473 0.376413 0.016199 0.020660
20 0.527150 0.377722 0.011296 0.016297
0 0.434117 0.380632 0.019182 0.022117
0 0.466406 0.422392 0.017690 0.023570
0 0.465576 0.539228 0.018970 0.024443
0 0.434138 0.582587 0.016196 0.023280
20 0.428256 0.338147 0.011721 0.016293
20 0.400336 0.376268 0.012576 0.016877
20 0.433478 0.440870 0.013640 0.016293
20 0.434010 0.528023 0.012576 0.018333
20 0.402039 0.593937 0.012573 0.016293
20 0.429749 0.631040 0.012148 0.016587
20 0.528215 0.588378 0.012148 0.017463
22 0.555178 0.587360 0.014067 0.017753
20 0.581714 0.588088 0.011724 0.016297
20 0.680928 0.628537 0.012788 0.017460
20 0.707571 0.590285 0.012788 0.016557
0 0.642671 0.536900 0.017690 0.023860
