20 0.382069 0.590595 0.012078 0.016730
20 0.433878 0.380152 0.013259 0.018103
20 0.381196 0.379898 0.011924 0.017123
20 0.532773 0.337062 0.011191 0.016490
20 0.560482 0.373920 0.011545 0.016007
20 0.528688 0.439395 0.011545 0.016003
20 0.528954 0.527302 0.013499 0.015763
20 0.561370 0.592777 0.012256 0.018187
20 0.534550 0.630123 0.011189 0.016733
20 0.434999 0.589018 0.012078 0.016977
20 0.285092 0.632062 0.012078 0.017217
20 0.257740 0.595323 0.012078 0.017460
20 0.289177 0.529848 0.011724 0.016003
20 0.288379 0.443275 0.011899 0.016977
20 0.256586 0.379257 0.012966 0.017460
0 0.290599 0.383742 0.017761 0.024490
0 0.319991 0.424237 0.017229 0.022060
0 0.408179 0.378285 0.018115 0.021823
20 0.283849 0.342153 0.012434 0.016973
0 0.495031 0.422785 0.017405 0.023523
0 0.527445 0.379618 0.017229 0.023037
0 0.495031 0.538457 0.016697 0.022553
0 0.528511 0.581745 0.016875 0.022310
22 0.409687 0.588170 0.012256 0.015760
0 0.291664 0.583683 0.018118 0.023767
0 0.319371 0.541245 0.017761 0.024737
