0 0.436659 0.579033 0.018928 0.026313
20 0.678843 0.630512 0.012500 0.017377
20 0.646445 0.565912 0.012500 0.017377
20 0.401350 0.670942 0.012500 0.017377
0 0.405599 0.421043 0.018928 0.026313
0 0.436278 0.463243 0.018928 0.026313
0 0.524329 0.416588 0.017896 0.024690
0 0.612469 0.462190 0.018928 0.026313
0 0.643820 0.418453 0.018928 0.026313
0 0.613112 0.577600 0.018928 0.026313
20 0.651775 0.668923 0.012500 0.017380
0 0.644662 0.620673 0.018928 0.026313
22 0.525853 0.626470 0.013723 0.019193
0 0.405909 0.623123 0.018928 0.026313
20 0.677649 0.413020 0.012500 0.017380
20 0.650283 0.374608 0.012500 0.017377
20 0.551814 0.417207 0.012500 0.017380
20 0.498105 0.418603 0.012500 0.017380
20 0.552451 0.628768 0.012500 0.017377
20 0.499380 0.628767 0.012500 0.017380
20 0.373418 0.634005 0.012500 0.017377
20 0.405178 0.568240 0.012500 0.017380
20 0.404539 0.480648 0.012500 0.017377
20 0.371929 0.416047 0.012500 0.017380
20 0.399424 0.378508 0.012500 0.017377
20 0.645679 0.478670 0.012500 0.017380
