20 0.370342 0.339675 0.014849 0.019550
0 0.614399 0.378400 0.016943 0.023633
0 0.616057 0.581300 0.019521 0.023133
0 0.584198 0.537805 0.017678 0.027657
0 0.583646 0.422400 0.018782 0.023133
0 0.495072 0.375383 0.017678 0.022627
0 0.407231 0.423153 0.016572 0.024640
0 0.376111 0.381668 0.016943 0.023130
0 0.407922 0.540450 0.017905 0.023860
0 0.377764 0.584247 0.016836 0.024733
20 0.375952 0.529102 0.014067 0.016877
20 0.344302 0.593850 0.011724 0.018333
20 0.371157 0.631097 0.012148 0.016587
20 0.470349 0.589775 0.014067 0.018917
22 0.496885 0.584973 0.011724 0.015713
20 0.523867 0.588612 0.012788 0.017750
20 0.622550 0.629350 0.012361 0.016587
20 0.649298 0.591375 0.012576 0.016877
20 0.616902 0.526192 0.013003 0.015717
20 0.616262 0.438747 0.013003 0.016587
20 0.648020 0.372688 0.011724 0.016590
20 0.620739 0.335732 0.011721 0.017750
20 0.522269 0.378073 0.011296 0.017460
20 0.468772 0.378508 0.013428 0.017750
20 0.375312 0.441657 0.012363 0.018333
20 0.342388 0.377635 0.011289 0.017170
