0 0.701442 0.377283 0.018132 0.022733
0 0.672209 0.420478 0.016157 0.021890
20 0.704525 0.438162 0.012458 0.017850
20 0.735978 0.372483 0.011716 0.016840
20 0.708348 0.335013 0.011965 0.016000
20 0.610354 0.377200 0.012334 0.016840
20 0.556454 0.377367 0.012087 0.016840
20 0.457107 0.338263 0.011934 0.015687
20 0.611278 0.587952 0.011721 0.017703
20 0.710209 0.627600 0.011721 0.015520
20 0.429867 0.375247 0.012581 0.016167
20 0.737028 0.590133 0.012078 0.016733
20 0.704882 0.525507 0.012078 0.017460
0 0.672200 0.537512 0.017407 0.023037
22 0.583837 0.587102 0.014387 0.020370
20 0.557905 0.588437 0.011899 0.017220
20 0.459331 0.631238 0.012256 0.016003
20 0.431445 0.593772 0.012612 0.017703
0 0.463505 0.582617 0.017405 0.023520
0 0.495652 0.539693 0.018472 0.024007
20 0.463594 0.527932 0.013320 0.016977
0 0.702394 0.580313 0.017405 0.023767
20 0.462799 0.440502 0.013323 0.016337
0 0.494744 0.421893 0.017515 0.023240
0 0.463478 0.380398 0.016404 0.022737
0 0.582910 0.376610 0.017144 0.022733
