0 0.521646 0.582167 0.018242 0.026400
20 0.515865 0.337302 0.012078 0.016490
20 0.487891 0.374405 0.012612 0.016977
20 0.521176 0.439395 0.013142 0.016977
20 0.521798 0.526938 0.012610 0.016977
20 0.615061 0.376952 0.012256 0.016730
20 0.668612 0.376588 0.011370 0.016490
20 0.766379 0.335120 0.011528 0.016007
20 0.793281 0.371860 0.011729 0.016733
20 0.762206 0.437092 0.012415 0.016730
20 0.762916 0.525242 0.012771 0.016490
0 0.729694 0.420602 0.017761 0.022550
20 0.794806 0.588898 0.012610 0.015763
20 0.768146 0.626970 0.011545 0.016247
20 0.669944 0.587322 0.011899 0.016490
20 0.616394 0.588413 0.012432 0.018187
22 0.641792 0.587078 0.015273 0.020857
20 0.516913 0.630245 0.012791 0.016490
20 0.489916 0.592535 0.011721 0.016730
0 0.521694 0.379032 0.017266 0.022697
0 0.553558 0.422827 0.019607 0.028227
0 0.729529 0.536740 0.019360 0.024453
0 0.760177 0.580967 0.020061 0.028267
0 0.553901 0.538457 0.020156 0.024980
0 0.640393 0.375700 0.018579 0.025933
0 0.759229 0.378100 0.018066 0.025333
