0 0.612789 0.497568 0.018069 0.024797
20 0.676482 0.333203 0.011899 0.016733
20 0.645790 0.398153 0.011902 0.016733
20 0.649779 0.296327 0.011902 0.016733
20 0.551260 0.337813 0.011899 0.016733
20 0.498164 0.338650 0.011899 0.016733
20 0.398416 0.298840 0.011899 0.016733
20 0.371407 0.336973 0.011902 0.016733
20 0.404247 0.401507 0.011902 0.016733
20 0.404554 0.488252 0.011902 0.016730
20 0.372942 0.554460 0.011899 0.016733
20 0.400258 0.591753 0.011902 0.016733
20 0.646710 0.486575 0.011902 0.016730
20 0.678629 0.551107 0.011902 0.016733
20 0.651927 0.588822 0.011902 0.016730
20 0.552180 0.548593 0.011899 0.016733
20 0.498469 0.548593 0.011899 0.016733
0 0.644094 0.540310 0.018071 0.024793
0 0.612175 0.382332 0.018071 0.024797
0 0.436620 0.499247 0.018069 0.024793
0 0.436926 0.383173 0.018071 0.024793
0 0.405621 0.341687 0.018069 0.024793
0 0.524707 0.336660 0.018071 0.024793
0 0.643788 0.338752 0.018069 0.024797
22 0.524551 0.545338 0.009785 0.013057
0 0.405621 0.543247 0.018069 0.024793
