0 0.644874 0.739408 0.019382 0.027717
20 0.399695 0.498730 0.011899 0.016733
20 0.372181 0.535267 0.011902 0.016733
20 0.405038 0.600500 0.011902 0.016733
20 0.405928 0.687317 0.011899 0.016733
20 0.375022 0.752793 0.011899 0.016733
20 0.401841 0.789893 0.011899 0.016733
20 0.500239 0.747698 0.011899 0.016730
20 0.552991 0.747942 0.011899 0.016730
20 0.652275 0.787953 0.011899 0.016733
20 0.678740 0.750367 0.011899 0.016733
20 0.646592 0.685617 0.011899 0.016733
20 0.646238 0.598077 0.011899 0.016733
20 0.678208 0.532357 0.011899 0.016733
20 0.650322 0.495740 0.011899 0.016733
20 0.552102 0.537450 0.011899 0.016733
20 0.498995 0.538422 0.011902 0.016730
0 0.405510 0.540385 0.018931 0.026310
0 0.437726 0.583100 0.018928 0.026313
0 0.525352 0.535310 0.017754 0.025313
0 0.644498 0.537833 0.018928 0.026313
0 0.613416 0.582290 0.018931 0.026313
0 0.613562 0.697883 0.018931 0.026313
0 0.406941 0.740727 0.018931 0.026313
0 0.437579 0.699097 0.018928 0.026313
22 0.526793 0.745457 0.014480 0.018553
