20 0.371985 0.456527 0.011899 0.016733
20 0.498445 0.458223 0.011899 0.016733
20 0.551731 0.457740 0.011899 0.016733
20 0.650127 0.415787 0.011899 0.016733
20 0.677479 0.452403 0.011902 0.016733
20 0.646396 0.517638 0.011899 0.016730
20 0.405731 0.608090 0.011902 0.016733
20 0.374116 0.673565 0.011899 0.016730
20 0.401113 0.709940 0.011899 0.016733
20 0.499512 0.669200 0.011899 0.016733
20 0.651902 0.709213 0.011899 0.016733
20 0.552439 0.668717 0.011899 0.016733
20 0.678722 0.670413 0.011902 0.016733
20 0.646929 0.606150 0.011899 0.016733
0 0.524553 0.455805 0.017153 0.024390
0 0.612651 0.501873 0.018931 0.026313
0 0.643733 0.457983 0.018931 0.026313
0 0.613007 0.617303 0.018928 0.026313
0 0.644797 0.660228 0.018931 0.026310
22 0.526332 0.666652 0.014670 0.019763
0 0.437169 0.619487 0.018928 0.026313
0 0.406443 0.662167 0.018931 0.026313
0 0.436635 0.503330 0.018928 0.026313
0 0.405908 0.460893 0.018931 0.026313
20 0.399600 0.418807 0.011899 0.016733
20 0.404666 0.521517 0.011899 0.016733
