0 0.406570 0.579267 0.018931 0.026313
20 0.647177 0.725535 0.011902 0.016730
20 0.646440 0.638040 0.011899 0.016733
20 0.678113 0.571663 0.011899 0.016733
20 0.650491 0.535457 0.011899 0.016733
20 0.552156 0.577193 0.011899 0.016733
20 0.498384 0.577193 0.011899 0.016733
20 0.405573 0.640553 0.011902 0.016733
20 0.372794 0.574680 0.011902 0.016733
20 0.400049 0.537972 0.011899 0.016730
22 0.526375 0.784872 0.014478 0.018557
0 0.437529 0.623220 0.018931 0.026313
0 0.437899 0.738407 0.018928 0.026313
0 0.407556 0.780507 0.018931 0.026313
0 0.645115 0.778150 0.018931 0.026313
0 0.613785 0.737227 0.018928 0.026313
0 0.613169 0.622377 0.018931 0.026313
0 0.644498 0.577583 0.018928 0.026313
0 0.525535 0.574970 0.018071 0.024793
20 0.406130 0.727190 0.011899 0.016733
20 0.375195 0.792260 0.011899 0.016733
20 0.402726 0.828837 0.011902 0.016733
20 0.500265 0.787613 0.011902 0.016733
20 0.652124 0.827220 0.011899 0.016733
20 0.553547 0.787813 0.011899 0.016733
20 0.678481 0.789397 0.011899 0.016733
