0 0.523989 0.297937 0.018071 0.024793
22 0.524630 0.506458 0.011902 0.016730
0 0.611802 0.341587 0.018071 0.024793
20 0.404677 0.448143 0.011902 0.016733
20 0.403911 0.361193 0.011899 0.016733
20 0.398815 0.259147 0.011902 0.016733
0 0.436390 0.458567 0.018069 0.024793
0 0.435963 0.343332 0.018069 0.024797
0 0.405059 0.302883 0.018071 0.024793
20 0.371310 0.297207 0.011902 0.016733
20 0.497365 0.298722 0.011902 0.016730
20 0.550896 0.297207 0.011899 0.016733
20 0.649199 0.255778 0.011899 0.016730
20 0.676705 0.292490 0.011902 0.016733
20 0.645349 0.358400 0.011899 0.016733
20 0.645859 0.445350 0.011899 0.016733
20 0.678599 0.509950 0.011899 0.016733
20 0.651487 0.548362 0.011899 0.016730
20 0.551740 0.507853 0.011902 0.016733
20 0.499053 0.508905 0.011899 0.016730
20 0.400328 0.551158 0.011902 0.016730
20 0.372706 0.514143 0.011902 0.016733
0 0.405486 0.503673 0.018071 0.024793
0 0.644197 0.500765 0.018071 0.024797
0 0.612440 0.457987 0.018069 0.024793
0 0.643346 0.299683 0.018069 0.024793
