0 0.376536 0.381237 0.018071 0.024793
0 0.494760 0.376207 0.018069 0.024793
0 0.614456 0.379223 0.018071 0.024793
0 0.582783 0.421463 0.018071 0.024793
0 0.583519 0.537623 0.018069 0.024793
0 0.615193 0.581370 0.018071 0.024793
0 0.407841 0.539130 0.018069 0.024793
0 0.376904 0.582377 0.018071 0.024793
20 0.468234 0.378200 0.011902 0.016733
20 0.342654 0.377152 0.011899 0.016730
20 0.370021 0.339438 0.011902 0.016730
20 0.374369 0.441057 0.011902 0.016733
20 0.620413 0.336645 0.011899 0.016730
20 0.522200 0.377155 0.011899 0.016730
20 0.648547 0.372613 0.011899 0.016733
20 0.617087 0.438613 0.011899 0.016733
20 0.617344 0.527310 0.011899 0.016733
20 0.649059 0.591912 0.011902 0.016730
20 0.622458 0.628927 0.011899 0.016733
20 0.523478 0.588420 0.011902 0.016733
20 0.469768 0.589817 0.011899 0.016733
20 0.371809 0.630673 0.011899 0.016733
20 0.344443 0.594358 0.011899 0.016730
20 0.375903 0.528360 0.011899 0.016733
22 0.497135 0.585977 0.011902 0.016733
0 0.407104 0.423978 0.018071 0.024797
