0 0.466179 0.424137 0.018071 0.024793
22 0.381853 0.586337 0.011899 0.016733
0 0.263054 0.584163 0.018071 0.024793
0 0.291694 0.541443 0.018071 0.024793
0 0.497999 0.582717 0.018069 0.024793
0 0.466179 0.539270 0.018071 0.024793
0 0.497999 0.379243 0.018069 0.024793
0 0.378672 0.378518 0.018071 0.024797
0 0.291694 0.427033 0.018071 0.024793
0 0.260934 0.384312 0.018069 0.024797
20 0.260933 0.529857 0.011899 0.016733
20 0.230173 0.595027 0.011899 0.016733
20 0.257751 0.631955 0.011899 0.016730
20 0.353214 0.590680 0.011902 0.016733
20 0.533004 0.591407 0.011902 0.016733
20 0.254570 0.340867 0.011899 0.016733
20 0.227523 0.377797 0.011902 0.016733
20 0.259874 0.442967 0.011902 0.016733
20 0.404659 0.379968 0.011902 0.016730
20 0.352686 0.380693 0.011899 0.016733
20 0.502775 0.336523 0.011902 0.016733
20 0.531943 0.374177 0.011899 0.016733
20 0.499063 0.439345 0.011899 0.016730
20 0.498531 0.527687 0.011902 0.016733
20 0.504895 0.631233 0.011899 0.016733
20 0.406780 0.589957 0.011899 0.016733
