20 0.789165 0.436445 0.011899 0.016730
20 0.699006 0.586333 0.011899 0.016733
20 0.796060 0.626160 0.011899 0.016733
20 0.823108 0.588507 0.011899 0.016733
20 0.791287 0.522613 0.011899 0.016733
0 0.583390 0.536370 0.018069 0.024793
0 0.549978 0.581267 0.018071 0.024793
0 0.788635 0.580542 0.018071 0.024797
0 0.759465 0.536370 0.018071 0.024793
0 0.788105 0.378517 0.018071 0.024793
0 0.759467 0.419790 0.018069 0.024793
0 0.669836 0.374897 0.018071 0.024793
0 0.581799 0.421238 0.018071 0.024797
22 0.671958 0.585610 0.011899 0.016733
20 0.643850 0.376343 0.011899 0.016733
0 0.549800 0.379320 0.018071 0.024793
20 0.698477 0.375620 0.011899 0.016733
20 0.795530 0.333623 0.011899 0.016733
20 0.821516 0.371277 0.011899 0.016733
20 0.546797 0.629057 0.011899 0.016733
20 0.545205 0.335070 0.011899 0.016733
20 0.517627 0.373447 0.011899 0.016733
20 0.550508 0.439340 0.011899 0.016733
20 0.551039 0.526957 0.011902 0.016733
20 0.518688 0.592127 0.011902 0.016733
20 0.644380 0.587783 0.011899 0.016733
