20 0.398823 0.260487 0.011899 0.016733
20 0.370184 0.295970 0.011902 0.016733
20 0.404657 0.359687 0.011902 0.016733
20 0.405188 0.450200 0.011899 0.016733
20 0.372836 0.515370 0.011902 0.016733
20 0.677787 0.293793 0.011902 0.016733
20 0.398823 0.551577 0.011899 0.016733
20 0.497468 0.508130 0.011899 0.016733
20 0.553154 0.508130 0.011899 0.016733
20 0.650209 0.550850 0.011902 0.016733
0 0.611493 0.457443 0.018069 0.024793
0 0.405718 0.503060 0.018071 0.024793
0 0.435947 0.461063 0.018071 0.024793
0 0.433826 0.344482 0.018071 0.024797
0 0.643314 0.298863 0.018069 0.024793
0 0.612024 0.337965 0.018071 0.024797
0 0.404657 0.301760 0.018069 0.024793
0 0.523455 0.297415 0.018071 0.024797
22 0.523455 0.506680 0.011899 0.016733
20 0.496938 0.298140 0.011899 0.016733
20 0.551033 0.298140 0.011899 0.016733
20 0.647556 0.253970 0.011899 0.016733
20 0.677787 0.511750 0.011902 0.016733
20 0.645966 0.446580 0.011902 0.016733
20 0.645436 0.358963 0.011902 0.016733
0 0.642783 0.500888 0.018071 0.024797
