0 0.714414 0.307265 0.018071 0.024797
0 0.743164 0.266707 0.018071 0.024793
0 0.519961 0.265553 0.018071 0.024793
0 0.631724 0.263338 0.018071 0.024797
20 0.519746 0.323480 0.011899 0.016733
0 0.551036 0.306827 0.018069 0.024793
0 0.550505 0.416890 0.018071 0.024793
0 0.520806 0.453820 0.018071 0.024793
0 0.712793 0.416890 0.018071 0.024793
0 0.738779 0.453097 0.018071 0.024793
20 0.514442 0.224280 0.011902 0.016733
20 0.488986 0.263380 0.011902 0.016733
20 0.519746 0.406753 0.011899 0.016733
20 0.490576 0.465405 0.011899 0.016730
20 0.515503 0.497267 0.011899 0.016733
20 0.605662 0.460337 0.011899 0.016733
22 0.630059 0.460337 0.011899 0.016733
20 0.655515 0.460337 0.011899 0.016733
20 0.745144 0.499438 0.011899 0.016730
20 0.770601 0.461783 0.011899 0.016733
20 0.740901 0.403857 0.011899 0.016733
20 0.744083 0.323480 0.011902 0.016733
20 0.774314 0.260483 0.011899 0.016733
20 0.750447 0.226450 0.011899 0.016733
20 0.657107 0.264830 0.011899 0.016733
20 0.607253 0.264830 0.011899 0.016733
