0 0.496411 0.265553 0.018071 0.024793
0 0.414208 0.310450 0.018069 0.024793
0 0.385038 0.269175 0.018069 0.024797
0 0.578616 0.307553 0.018071 0.024793
0 0.415798 0.416168 0.018071 0.024797
22 0.496411 0.461063 0.011899 0.016733
20 0.470425 0.266278 0.011899 0.016730
20 0.521868 0.265553 0.011899 0.016733
20 0.613618 0.225730 0.011899 0.016733
20 0.639606 0.261210 0.011902 0.016733
20 0.606724 0.324207 0.011899 0.016733
20 0.607255 0.403133 0.011902 0.016733
20 0.635894 0.465407 0.011899 0.016733
20 0.610437 0.500163 0.011899 0.016733
20 0.522399 0.461787 0.011902 0.016733
20 0.471484 0.463235 0.011899 0.016730
20 0.383447 0.500888 0.011899 0.016730
20 0.357991 0.467580 0.011899 0.016733
20 0.386099 0.406755 0.011899 0.016730
20 0.383447 0.326380 0.011899 0.016733
20 0.352687 0.264830 0.011902 0.016733
20 0.377083 0.228625 0.011899 0.016730
0 0.388220 0.455993 0.018071 0.024793
0 0.605133 0.456717 0.018069 0.024793
0 0.576494 0.417617 0.018071 0.024793
0 0.607786 0.265553 0.018071 0.024793
