0 0.357837 0.269098 0.017676 0.024137
0 0.468458 0.264767 0.016843 0.024333
20 0.584978 0.499443 0.011899 0.016733
20 0.609905 0.465410 0.011899 0.016733
20 0.581266 0.406033 0.011902 0.016733
20 0.581797 0.323487 0.011899 0.016733
20 0.611497 0.262663 0.011899 0.016733
20 0.586040 0.224283 0.011899 0.016733
20 0.492698 0.265558 0.011899 0.016730
20 0.442844 0.267007 0.011899 0.016733
0 0.385568 0.309730 0.018069 0.024793
0 0.549976 0.307557 0.018071 0.024793
0 0.580205 0.266283 0.018071 0.024793
0 0.549976 0.415447 0.018071 0.024793
0 0.579144 0.453827 0.018069 0.024793
0 0.388219 0.417620 0.018069 0.024793
0 0.361702 0.454550 0.018071 0.024793
20 0.357988 0.500893 0.011899 0.016733
20 0.447087 0.464687 0.011899 0.016733
20 0.330410 0.466135 0.011899 0.016730
22 0.470422 0.458893 0.011899 0.016733
20 0.496941 0.462515 0.011899 0.016730
20 0.351625 0.228630 0.011902 0.016733
20 0.324578 0.263387 0.011899 0.016733
20 0.357988 0.325660 0.011899 0.016733
20 0.360110 0.406033 0.011899 0.016733
