0 0.440193 0.345933 0.018071 0.024793
0 0.412085 0.303937 0.018071 0.024793
20 0.380264 0.301040 0.011899 0.016733
20 0.411555 0.362588 0.011899 0.016730
20 0.412615 0.443687 0.011899 0.016733
20 0.383977 0.500893 0.011899 0.016733
20 0.411024 0.534925 0.011902 0.016730
20 0.499592 0.497997 0.011899 0.016733
22 0.522927 0.495100 0.011899 0.016733
20 0.549446 0.498720 0.011899 0.016733
20 0.635892 0.535650 0.011902 0.016733
20 0.661880 0.502340 0.011899 0.016733
20 0.496410 0.302487 0.011902 0.016733
20 0.549446 0.302487 0.011899 0.016733
20 0.639075 0.264110 0.011899 0.016733
20 0.665592 0.299590 0.011902 0.016733
20 0.634302 0.360417 0.011899 0.016733
20 0.634832 0.441517 0.011899 0.016733
0 0.603541 0.451653 0.018069 0.024793
0 0.441254 0.453100 0.018069 0.024793
0 0.631649 0.491480 0.018069 0.024793
0 0.603541 0.346657 0.018069 0.024793
0 0.633771 0.303212 0.018069 0.024797
20 0.406250 0.264833 0.011899 0.016733
0 0.413806 0.492230 0.018071 0.024793
0 0.522687 0.301767 0.017493 0.024800
