20 0.607253 0.324210 0.011899 0.016733
0 0.387688 0.457447 0.018071 0.024793
0 0.578083 0.415447 0.018071 0.024793
0 0.606193 0.455273 0.018069 0.024793
0 0.578083 0.309003 0.018071 0.024793
20 0.377612 0.227905 0.011899 0.016730
20 0.352156 0.263387 0.011899 0.016733
20 0.383977 0.325660 0.011899 0.016733
20 0.386097 0.404587 0.011902 0.016733
20 0.357988 0.466860 0.011899 0.016733
20 0.383446 0.499443 0.011902 0.016733
20 0.470953 0.462515 0.011902 0.016730
22 0.494819 0.458893 0.011899 0.016733
20 0.520276 0.461067 0.011899 0.016733
20 0.610966 0.498720 0.011902 0.016733
20 0.636422 0.466135 0.011902 0.016730
20 0.607253 0.406758 0.011899 0.016730
20 0.638544 0.262663 0.011902 0.016733
20 0.613618 0.225733 0.011899 0.016733
20 0.519746 0.267007 0.011899 0.016733
20 0.469363 0.266283 0.011899 0.016733
0 0.607458 0.266842 0.018071 0.024797
0 0.413757 0.309160 0.018071 0.024793
0 0.383818 0.267790 0.018071 0.024793
0 0.495266 0.264058 0.016841 0.023450
0 0.414675 0.416337 0.018071 0.024793
