20 0.633239 0.508130 0.011902 0.016733
20 0.633239 0.581990 0.011902 0.016733
20 0.659756 0.641367 0.011899 0.016733
20 0.634829 0.672503 0.011899 0.016733
20 0.547853 0.639193 0.011902 0.016733
20 0.500652 0.636297 0.011899 0.016733
20 0.413674 0.671778 0.011899 0.016730
20 0.387687 0.641367 0.011902 0.016733
20 0.416326 0.584887 0.011899 0.016733
20 0.414735 0.508130 0.011902 0.016733
20 0.383975 0.448030 0.011899 0.016733
20 0.408901 0.416170 0.011899 0.016733
20 0.499060 0.450927 0.011899 0.016733
20 0.662938 0.447307 0.011902 0.016733
20 0.639602 0.414722 0.011899 0.016730
20 0.546792 0.450927 0.011899 0.016733
0 0.417917 0.629780 0.018071 0.024793
0 0.444965 0.595747 0.018069 0.024793
0 0.630056 0.630503 0.018071 0.024793
0 0.602478 0.492925 0.018071 0.024797
0 0.414204 0.450927 0.018071 0.024793
22 0.523457 0.633400 0.011899 0.016733
0 0.443224 0.492520 0.017654 0.024227
0 0.522902 0.448253 0.016599 0.022507
0 0.632468 0.451250 0.018071 0.024793
0 0.602268 0.594677 0.017095 0.023913
