22 0.562947 0.309493 0.020278 0.025867
0 0.640356 0.608810 0.018809 0.025967
0 0.602119 0.583547 0.019834 0.024560
0 0.523435 0.622140 0.018706 0.024840
0 0.543914 0.363047 0.022202 0.025867
0 0.465481 0.400633 0.018647 0.023440
0 0.425298 0.374973 0.019092 0.025867
26 0.491309 0.319297 0.014951 0.019607
21 0.359841 0.694770 0.014917 0.020660
20 0.558589 0.265610 0.013301 0.017460
20 0.524575 0.326543 0.013301 0.017807
20 0.465364 0.355880 0.012534 0.018507
20 0.410505 0.335623 0.012788 0.016407
20 0.394519 0.382590 0.012534 0.017460
21 0.903699 0.414317 0.014800 0.020207
21 0.829570 0.666967 0.014385 0.020853
21 0.725046 0.540380 0.013853 0.020853
21 0.776997 0.398520 0.016162 0.020853
21 0.651580 0.045490 0.015347 0.023567
21 0.820117 0.121937 0.014727 0.020367
21 0.919961 0.237463 0.014492 0.020367
21 0.673259 0.254340 0.015132 0.021533
25 0.374336 0.582737 0.030264 0.041033
25 0.388936 0.642683 0.020674 0.025313
20 0.592605 0.288657 0.012788 0.018153
21 0.636514 0.993353 0.016201 0.013293
21 0.845918 0.930830 0.019824 0.024447
21 0.662729 0.828837 0.015771 0.022407
21 0.508738 0.782567 0.015981 0.021827
21 0.394177 0.887183 0.015347 0.020953
21 0.090459 0.992333 0.016201 0.015333
25 0.051882 0.842513 0.032827 0.042773
25 0.020444 0.724947 0.032188 0.045107
21 0.077673 0.767433 0.015347 0.019493
21 0.031846 0.643033 0.014492 0.021533
21 0.214824 0.585560 0.014707 0.021827
21 0.122136 0.456547 0.014731 0.021120
21 0.301760 0.164117 0.016694 0.022793
21 0.196221 0.281487 0.016162 0.020613
25 0.693198 0.425127 0.030693 0.036667
22 0.604021 0.460150 0.017759 0.024047
22 0.462891 0.525927 0.009326 0.014147
23 0.472437 0.648693 0.015098 0.020413
22 0.503447 0.675753 0.017021 0.023440
27 0.577524 0.667670 0.021904 0.031527
20 0.454238 0.494860 0.014834 0.018507
20 0.471121 0.560860 0.013813 0.018507
20 0.475469 0.698793 0.012275 0.016413
20 0.509482 0.721317 0.013301 0.016060
20 0.543372 0.659333 0.014067 0.017813
20 0.601814 0.630523 0.013296 0.017460
20 0.656162 0.650080 0.013555 0.018160
20 0.672534 0.604683 0.012021 0.017460
20 0.613069 0.492763 0.012788 0.017113
20 0.596060 0.426240 0.014063 0.018853
