22 0.612012 0.362263 0.019004 0.025460
0 0.590876 0.411733 0.017231 0.024973
0 0.491147 0.407247 0.020244 0.025707
0 0.521990 0.437470 0.015747 0.023420
20 0.513413 0.512917 0.012656 0.017660
20 0.638838 0.472987 0.013779 0.019200
22 0.521428 0.539603 0.019683 0.025727
22 0.644741 0.500630 0.019404 0.025340
20 0.652195 0.532693 0.013501 0.018813
20 0.701267 0.633863 0.013218 0.019967
20 0.684395 0.667847 0.010967 0.018813
20 0.637712 0.644617 0.012095 0.017660
27 0.617324 0.668613 0.019121 0.027267
20 0.585967 0.657287 0.010967 0.019200
20 0.558127 0.700483 0.012651 0.014207
22 0.555034 0.663430 0.017715 0.023033
25 0.742720 0.464120 0.030937 0.036093
21 0.005920 0.059650 0.011841 0.021433
21 0.133115 0.161080 0.011953 0.021440
20 0.607483 0.323103 0.013853 0.017460
20 0.637856 0.346260 0.012432 0.017707
20 0.575691 0.376330 0.012788 0.017220
20 0.522852 0.396457 0.012607 0.018673
20 0.476494 0.375480 0.011904 0.016973
20 0.463262 0.412463 0.011367 0.016247
26 0.546650 0.363960 0.012969 0.018187
21 0.081677 0.292297 0.011714 0.018873
21 0.339277 0.538643 0.009316 0.018247
25 0.471699 0.605817 0.017412 0.025433
21 0.449021 0.642313 0.011743 0.016587
21 0.767046 0.572587 0.014902 0.018813
21 0.307122 0.307173 0.014058 0.014720
21 0.377310 0.224753 0.014297 0.018240
21 0.440981 0.007703 0.015234 0.014433
25 0.459954 0.559653 0.024702 0.038147
21 0.969792 0.478983 0.016606 0.021567
21 0.861467 0.700143 0.015386 0.020460
21 0.818137 0.950053 0.015386 0.021560
21 0.687539 0.804920 0.012549 0.016587
21 0.642793 0.938113 0.012148 0.019907
21 0.559573 0.742163 0.013364 0.016033
21 0.477568 0.786680 0.012148 0.017707
21 0.451047 0.974660 0.012554 0.017693
21 0.297769 0.993687 0.011338 0.012627
21 0.275093 0.801823 0.008906 0.013820
21 0.254033 0.651157 0.010527 0.014380
25 0.215159 0.614720 0.023491 0.034280
25 0.239658 0.697657 0.019844 0.032073
21 0.218601 0.558550 0.010122 0.017140
21 0.266992 0.431380 0.010527 0.017133
21 0.119792 0.413137 0.014175 0.016033
23 0.529727 0.636743 0.013779 0.018047
20 0.527053 0.569937 0.011812 0.016513
0 0.569939 0.629260 0.018276 0.020733
0 0.637432 0.607753 0.019404 0.024573
21 0.705771 0.104393 0.018242 0.019347
21 0.904189 0.164607 0.017412 0.024333
21 0.731072 0.300067 0.016196 0.021013
20 0.530569 0.676870 0.011528 0.017660
21 0.829880 0.449403 0.016196 0.023220
