21 0.857051 0.620320 0.008438 0.014933
21 0.886431 0.491873 0.008437 0.014080
0 0.529158 0.546323 0.017817 0.025180
0 0.553225 0.575553 0.015942 0.023893
22 0.529470 0.314823 0.020942 0.027313
0 0.510249 0.351947 0.017500 0.023893
0 0.442271 0.361977 0.017188 0.025180
0 0.410703 0.330823 0.020312 0.025180
26 0.470713 0.304367 0.012188 0.018347
21 0.339053 0.113737 0.015752 0.020993
21 0.858657 0.952057 0.012373 0.017407
25 0.330554 0.497583 0.027759 0.039273
21 0.545916 0.760617 0.013022 0.017780
21 0.684734 0.854087 0.013569 0.016053
21 0.520774 0.891007 0.014468 0.016787
21 0.678132 0.659000 0.010854 0.017533
21 0.869709 0.789303 0.012505 0.013233
21 0.957847 0.737880 0.010625 0.011947
21 0.616670 0.539497 0.010938 0.019207
21 0.215842 0.178837 0.014585 0.018847
21 0.107100 0.314143 0.015889 0.022047
21 0.180808 0.461900 0.015366 0.019560
21 0.306089 0.978247 0.014844 0.017427
21 0.310256 0.773770 0.013804 0.019553
21 0.429153 0.697313 0.013022 0.018133
21 0.008975 0.604680 0.017949 0.021760
21 0.303674 0.595253 0.014194 0.019893
25 0.337461 0.556323 0.018213 0.026753
25 0.842205 0.367053 0.020005 0.029867
21 0.776570 0.350623 0.009380 0.016647
21 0.751099 0.478430 0.010312 0.016220
21 0.851895 0.282347 0.009375 0.015787
21 0.829858 0.127870 0.010312 0.016647
21 0.724375 0.238820 0.010000 0.015787
21 0.609202 0.300483 0.010942 0.017927
21 0.623892 0.132567 0.012188 0.017493
21 0.666992 0.438787 0.009688 0.016640
25 0.604482 0.443053 0.022813 0.032000
20 0.439771 0.643617 0.013437 0.019207
20 0.414453 0.616733 0.011562 0.017493
20 0.473682 0.598170 0.012500 0.016220
27 0.499622 0.611613 0.018755 0.027733
20 0.523376 0.585153 0.010630 0.014933
20 0.562131 0.610760 0.011880 0.014933
20 0.579321 0.576833 0.010625 0.015360
20 0.546816 0.475060 0.010625 0.015787
20 0.541660 0.415957 0.011563 0.016220
20 0.553381 0.306073 0.012505 0.014080
20 0.530251 0.279190 0.013130 0.016647
20 0.497590 0.319303 0.011567 0.016647
20 0.447427 0.325490 0.011250 0.016220
20 0.404141 0.294553 0.011562 0.015787
20 0.385229 0.328903 0.012500 0.016220
20 0.421016 0.439213 0.014062 0.016640
20 0.427893 0.498743 0.012817 0.018780
23 0.417109 0.575127 0.012500 0.018773
22 0.422737 0.469083 0.018755 0.023473
22 0.439458 0.604997 0.019687 0.025607
0 0.463210 0.562327 0.018442 0.026453
22 0.543848 0.447110 0.019062 0.025607
25 0.852207 0.458587 0.019375 0.029440
