25 0.307595 0.588440 0.024312 0.030520
21 0.614121 0.598980 0.011250 0.019973
20 0.386980 0.314053 0.011255 0.017067
20 0.540911 0.342430 0.012192 0.015793
20 0.554194 0.659280 0.013125 0.017067
20 0.401357 0.459783 0.015000 0.020060
0 0.392920 0.353100 0.016250 0.023467
0 0.496216 0.381477 0.017813 0.023900
0 0.445315 0.593827 0.017905 0.026920
0 0.518115 0.584073 0.017725 0.024200
21 0.323875 0.133413 0.013999 0.020173
21 0.702070 0.934903 0.014629 0.014847
26 0.455898 0.331550 0.012813 0.016220
20 0.529971 0.451247 0.010937 0.016640
20 0.510593 0.627273 0.013442 0.017920
20 0.456055 0.634527 0.013750 0.016213
27 0.484651 0.654797 0.020317 0.029447
0 0.426206 0.384037 0.018437 0.023900
22 0.532627 0.484533 0.018750 0.026880
25 0.599512 0.492427 0.023125 0.037547
0 0.545334 0.621113 0.017905 0.026173
25 0.303037 0.523983 0.029082 0.039713
21 0.265381 0.831733 0.015410 0.022227
21 0.538171 0.832743 0.013130 0.020487
21 0.509292 0.970237 0.016123 0.017927
21 0.915103 0.873197 0.016875 0.015367
21 0.882849 0.714710 0.008628 0.015873
21 0.902537 0.579523 0.009751 0.015873
25 0.861658 0.541883 0.023257 0.036873
25 0.846091 0.447663 0.022876 0.035847
21 0.686130 0.737753 0.011255 0.017920
21 0.756267 0.550333 0.009751 0.016893
21 0.775020 0.424873 0.009004 0.014853
21 0.848345 0.365477 0.010127 0.015873
21 0.715759 0.308380 0.010503 0.016387
21 0.815149 0.207757 0.010503 0.016900
25 0.836377 0.060857 0.021523 0.035807
21 0.726941 0.009247 0.010688 0.016053
21 0.629460 0.005620 0.010806 0.011240
21 0.609883 0.187293 0.012148 0.020280
21 0.599307 0.354433 0.010801 0.016587
22 0.402852 0.493923 0.022051 0.027647
20 0.417141 0.680613 0.014692 0.017920
20 0.573416 0.624500 0.010942 0.019200
20 0.536377 0.512270 0.011875 0.016647
20 0.517625 0.312560 0.012505 0.016640
20 0.484182 0.349900 0.011255 0.017920
20 0.431519 0.349687 0.011563 0.019200
20 0.366040 0.345420 0.011875 0.015787
21 0.140903 0.471680 0.015195 0.021040
21 0.267659 0.625333 0.015190 0.021933
21 0.404614 0.746240 0.015625 0.021333
21 0.665503 0.500150 0.011250 0.016900
21 0.075435 0.314650 0.016250 0.020487
21 0.198108 0.190473 0.015942 0.022187
22 0.416736 0.638523 0.020073 0.026420
23 0.393855 0.604817 0.014829 0.020740
22 0.515281 0.350540 0.016567 0.021760
20 0.406826 0.523793 0.014063 0.019200
20 0.390264 0.649890 0.012188 0.017073
