0 0.562913 0.572620 0.016636 0.021120
20 0.571462 0.447007 0.011392 0.015773
22 0.574553 0.473560 0.017251 0.021773
20 0.580415 0.502557 0.011719 0.016660
20 0.448433 0.483827 0.012188 0.017600
22 0.453823 0.509107 0.018281 0.023360
20 0.458628 0.538700 0.010547 0.016000
20 0.454292 0.641890 0.011250 0.018233
23 0.454878 0.603813 0.013359 0.016960
22 0.478196 0.627333 0.018745 0.022400
20 0.479836 0.661727 0.011245 0.017600
20 0.510654 0.620933 0.011016 0.017280
0 0.496943 0.591977 0.017813 0.021433
27 0.538071 0.629093 0.018047 0.024640
20 0.559634 0.605573 0.011484 0.016000
0 0.532485 0.389237 0.018066 0.023327
0 0.592324 0.592137 0.016406 0.024313
20 0.618572 0.593257 0.012183 0.020153
20 0.601348 0.626373 0.012422 0.019200
21 0.133064 0.634827 0.011528 0.015360
21 0.093835 0.533653 0.011812 0.016507
21 0.185374 0.992573 0.011519 0.014853
21 0.368066 0.940620 0.012500 0.017067
21 0.558184 0.876520 0.013281 0.017867
21 0.475674 0.702807 0.013086 0.016000
21 0.593140 0.752133 0.013281 0.015467
21 0.716897 0.861533 0.013364 0.017693
21 0.893865 0.982013 0.014985 0.016587
21 0.935168 0.814817 0.014175 0.018247
21 0.971006 0.597470 0.012148 0.017140
21 0.833728 0.460410 0.012153 0.017140
21 0.669722 0.539140 0.012148 0.016587
21 0.741802 0.647507 0.011338 0.015480
21 0.728437 0.431933 0.012959 0.017693
25 0.655344 0.442440 0.026323 0.035387
25 0.663037 0.494133 0.019033 0.025987
21 0.654736 0.296473 0.013770 0.018800
21 0.655142 0.123637 0.013770 0.017140
21 0.800117 0.198277 0.012959 0.019353
21 0.873413 0.311123 0.012959 0.019353
25 0.965745 0.315550 0.028345 0.034833
25 0.973640 0.419980 0.030376 0.035960
21 0.987004 0.210497 0.014175 0.017140
21 0.948901 0.036507 0.016016 0.018667
21 0.332327 0.193967 0.014849 0.017507
20 0.420032 0.349573 0.010581 0.016440
20 0.403674 0.386013 0.011392 0.018667
20 0.465598 0.372350 0.011880 0.017993
0 0.432075 0.382570 0.019043 0.024220
0 0.462588 0.411010 0.017900 0.022887
26 0.490173 0.343463 0.012202 0.017113
20 0.518328 0.355797 0.011226 0.016887
20 0.552180 0.308577 0.011880 0.017553
22 0.552502 0.345687 0.020015 0.027333
20 0.579031 0.332020 0.011880 0.016440
21 0.361274 0.613323 0.013496 0.016900
25 0.377727 0.532117 0.028403 0.034940
21 0.245552 0.510617 0.012090 0.018047
21 0.168359 0.397540 0.013496 0.019200
21 0.234443 0.269103 0.014063 0.014207
21 0.044480 0.086533 0.017153 0.023800
21 0.381663 0.755580 0.012095 0.015747
21 0.145862 0.794167 0.010688 0.013827
25 0.114363 0.684357 0.024185 0.034553
25 0.087649 0.593550 0.028687 0.032633
