21 0.848323 0.051587 0.016714 0.023707
21 0.530769 0.260157 0.012847 0.019207
1 0.555632 0.262290 0.021880 0.037127
24 0.517969 0.321180 0.017813 0.027733
21 0.903416 0.228620 0.016147 0.021693
21 0.479634 0.948033 0.011006 0.016467
21 0.502017 0.993360 0.011152 0.013280
21 0.712217 0.347637 0.015000 0.022620
21 0.558689 0.613473 0.011626 0.021507
24 0.520806 0.904843 0.014629 0.022527
24 0.488525 0.919117 0.012813 0.018313
21 0.551724 0.040817 0.014062 0.022620
24 0.512344 0.128083 0.020312 0.029873
24 0.512969 0.245863 0.021563 0.029873
21 0.699089 0.206390 0.015630 0.021767
25 0.668459 0.278723 0.034380 0.048647
25 0.668772 0.406950 0.031880 0.048220
21 0.666516 0.566873 0.014253 0.020480
21 0.698770 0.822657 0.015752 0.017927
21 0.986409 0.837610 0.020249 0.019660
21 0.995342 0.615163 0.009316 0.022127
21 0.517188 0.382203 0.011250 0.016647
