24 0.297373 0.381860 0.019375 0.026453
21 0.757441 0.562153 0.013750 0.018347
25 0.777600 0.484277 0.027192 0.042673
21 0.657896 0.437123 0.012187 0.018353
21 0.687588 0.206900 0.010938 0.017920
21 0.602888 0.308037 0.011567 0.018780
21 0.506155 0.422400 0.013130 0.017920
25 0.490996 0.483210 0.027812 0.042247
25 0.501624 0.595650 0.027192 0.043527
21 0.532563 0.539750 0.012813 0.017927
21 0.518032 0.747783 0.013750 0.019207
21 0.407390 0.832487 0.015005 0.018773
21 0.374885 0.805603 0.005630 0.017073
24 0.384419 0.900127 0.006562 0.021760
21 0.394419 0.990497 0.005937 0.019007
21 0.444426 0.931703 0.006567 0.018353
21 0.368633 0.711513 0.004375 0.017507
24 0.364414 0.678223 0.007187 0.027740
21 0.313938 0.627017 0.011255 0.018353
24 0.313313 0.563223 0.018755 0.028167
24 0.305657 0.489823 0.022192 0.029873
21 0.324097 0.502413 0.012188 0.017493
21 0.989351 0.546793 0.010000 0.018347
21 0.965129 0.731993 0.009692 0.019200
21 0.979663 0.832700 0.012500 0.013227
21 0.828235 0.880280 0.015942 0.011093
21 0.769163 0.727087 0.011567 0.018773
21 0.974819 0.205193 0.009687 0.017067
21 0.783540 0.161240 0.011563 0.017920
21 0.962317 0.346230 0.007817 0.015793
21 0.869802 0.657957 0.010317 0.018780
21 0.387056 0.072423 0.010264 0.019113
21 0.506514 0.056493 0.013994 0.022933
21 0.860425 0.042823 0.010313 0.013233
21 0.993572 0.046237 0.009067 0.014087
27 0.918289 0.586827 0.014321 0.026667
0 0.958140 0.560903 0.014844 0.019913
0 0.940559 0.530853 0.014585 0.023120
0 0.892007 0.536543 0.017451 0.023113
22 0.873254 0.574060 0.015366 0.026320
22 0.851743 0.456173 0.014062 0.021693
20 0.858645 0.479787 0.011724 0.014933
22 0.938345 0.450130 0.011201 0.020273
20 0.936521 0.423283 0.011196 0.013513
20 0.946418 0.472713 0.009634 0.017067
20 0.936665 0.333843 0.011436 0.014580
20 0.917012 0.310377 0.012764 0.013153
20 0.895759 0.341120 0.011460 0.015680
20 0.860989 0.339713 0.012759 0.014933
20 0.829082 0.310730 0.010938 0.014580
0 0.835854 0.341493 0.014590 0.020627
0 0.863203 0.367627 0.016670 0.021693
20 0.910474 0.366740 0.014326 0.020627
22 0.916726 0.341493 0.014849 0.021333
20 0.850310 0.428403 0.010161 0.011380
26 0.874534 0.326877 0.010679 0.015287
20 0.977153 0.562860 0.010156 0.013160
20 0.966733 0.590773 0.009639 0.014227
20 0.936130 0.565880 0.010942 0.014933
20 0.900315 0.569793 0.010679 0.014227
20 0.878843 0.605890 0.012529 0.014580
20 0.856821 0.579217 0.011201 0.013153
21 0.615442 0.957190 0.016333 0.016993
21 0.459905 0.207753 0.012485 0.019627
21 0.327534 0.233573 0.003437 0.016640
21 0.355508 0.292247 0.013125 0.018773
1 0.373792 0.484063 0.023442 0.033713
