21 0.002253 0.562497 0.004507 0.017460
21 0.044824 0.987033 0.013125 0.017413
21 0.239478 0.012040 0.016875 0.022533
25 0.278860 0.194337 0.035630 0.052233
21 0.117959 0.144410 0.015381 0.023047
21 0.273982 0.384830 0.014624 0.017407
21 0.383499 0.268843 0.007124 0.020993
24 0.454573 0.414020 0.005249 0.022533
24 0.498267 0.504143 0.025879 0.029700
24 0.495078 0.546390 0.018750 0.029193
21 0.460759 0.963733 0.004126 0.016893
21 0.221660 0.648807 0.012002 0.019973
21 0.057576 0.728947 0.014624 0.021507
21 0.482139 0.596573 0.012373 0.018947
21 0.488137 0.643430 0.012378 0.017407
21 0.428691 0.550487 0.015000 0.019973
21 0.435442 0.765047 0.013501 0.018947
21 0.460010 0.750453 0.005625 0.015360
24 0.459258 0.824703 0.006377 0.025607
21 0.459824 0.870793 0.003750 0.021507
21 0.150776 0.505933 0.012754 0.018947
24 0.499761 0.620147 0.023643 0.030240
21 0.338306 0.577627 0.012002 0.019973
21 0.451196 0.280620 0.004502 0.018947
21 0.450632 0.118040 0.004126 0.021507
24 0.425691 0.054287 0.021753 0.029187
24 0.450259 0.060687 0.004873 0.022533
21 0.452134 0.354620 0.004121 0.015360
1 0.434880 0.655973 0.024380 0.035333
24 0.497139 0.693357 0.017627 0.025087
21 0.371123 0.857477 0.013125 0.020487
25 0.315801 0.804733 0.030752 0.043013
25 0.314487 0.683883 0.030381 0.044033
21 0.166155 0.798073 0.013501 0.021507
