21 0.941582 0.408510 0.019805 0.023353
21 0.716548 0.404820 0.015303 0.022120
24 0.515369 0.492083 0.024302 0.031953
21 0.534497 0.505907 0.014854 0.019053
21 0.741978 0.551377 0.016650 0.023967
21 0.704810 0.813370 0.018125 0.025180
1 0.561948 0.485320 0.025654 0.036867
24 0.520996 0.572887 0.020254 0.030107
21 0.520994 0.642630 0.013052 0.018433
25 0.687969 0.478560 0.035557 0.050387
21 0.860569 0.242290 0.018003 0.022740
21 0.569663 0.015607 0.005879 0.022227
21 0.574946 0.893383 0.017187 0.023900
21 0.996221 0.074533 0.007559 0.023960
21 0.652190 0.150423 0.017104 0.024580
21 0.553174 0.268403 0.014404 0.018433
24 0.513569 0.376250 0.021602 0.026420
25 0.696521 0.621430 0.037358 0.051007
