24 0.437737 0.488883 0.023442 0.029020
24 0.445864 0.565270 0.019687 0.028167
24 0.431799 0.378363 0.019067 0.025607
21 0.524314 0.854807 0.016567 0.023467
25 0.969238 0.471407 0.030566 0.037187
25 0.620671 0.479600 0.031333 0.043067
21 0.669336 0.541373 0.015937 0.021333
21 0.645581 0.770953 0.017188 0.023893
21 0.557285 0.965757 0.003750 0.021767
21 0.821191 0.424150 0.015098 0.020113
21 0.642014 0.413087 0.014731 0.021120
21 0.755266 0.280560 0.014360 0.017653
21 0.456804 0.501900 0.014067 0.018347
21 0.961699 0.767797 0.016943 0.020620
21 0.859495 0.157137 0.013628 0.018100
21 0.987112 0.086740 0.013257 0.019107
25 0.631648 0.603273 0.030269 0.046560
21 0.636831 0.011587 0.015937 0.016640
21 0.587605 0.183560 0.013755 0.020053
1 0.498684 0.482697 0.024692 0.035420
21 0.946782 0.568720 0.014365 0.020613
21 0.445396 0.630347 0.013125 0.019200
21 0.508843 0.050207 0.006250 0.019627
21 0.483213 0.281920 0.013125 0.019627
