20 0.695911 0.228643 0.018560 0.028967
20 0.441123 0.433203 0.020771 0.031380
20 0.443997 0.537290 0.019448 0.029567
22 0.443555 0.487510 0.012373 0.019313
22 0.658567 0.473027 0.029614 0.042240
20 0.662766 0.523110 0.019448 0.027753
20 0.708948 0.710473 0.019888 0.030773
20 0.671604 0.762067 0.021216 0.027760
20 0.604868 0.706550 0.019443 0.028967
25 0.782534 0.485397 0.041543 0.056113
21 0.898105 0.494147 0.019004 0.027760
21 0.886174 0.877317 0.020776 0.028967
21 0.789297 0.654357 0.019443 0.027153
21 0.237161 0.941280 0.021216 0.030173
21 0.426980 0.868267 0.023423 0.032587
21 0.248428 0.659183 0.024307 0.031980
21 0.078496 0.424150 0.022979 0.031380
21 0.807727 0.242220 0.023862 0.033187
20 0.430073 0.186703 0.019004 0.029567
20 0.392285 0.243123 0.022100 0.027753
0 0.438914 0.254590 0.026958 0.038620
20 0.499019 0.246443 0.020771 0.029567
20 0.590061 0.241617 0.019888 0.029567
26 0.546753 0.213253 0.022539 0.033187
20 0.656577 0.178257 0.019443 0.030780
22 0.649285 0.240713 0.027847 0.037413
20 0.660332 0.422943 0.020771 0.030167
25 0.301150 0.607867 0.031890 0.054053
25 0.302251 0.512523 0.045088 0.064567
0 0.608184 0.307087 0.029609 0.042240
0 0.487307 0.311917 0.028286 0.033793
0 0.617244 0.648320 0.024751 0.041640
0 0.497251 0.655563 0.030498 0.041633
27 0.560010 0.744263 0.033145 0.047673
23 0.419687 0.660690 0.022100 0.027753
20 0.449080 0.781980 0.019888 0.032587
20 0.408640 0.731893 0.019448 0.028960
20 0.514268 0.713790 0.020332 0.031380
