21 0.294214 0.686710 0.022275 0.031287
25 0.354995 0.631967 0.030547 0.046920
25 0.352449 0.531170 0.043276 0.064300
20 0.719485 0.187123 0.019028 0.027660
20 0.761074 0.240133 0.018721 0.031427
20 0.726240 0.434360 0.021484 0.029333
20 0.729768 0.538490 0.019946 0.030593
20 0.503879 0.553577 0.021177 0.028913
20 0.501885 0.446513 0.022100 0.029333
20 0.467815 0.759953 0.018413 0.029333
20 0.509248 0.812963 0.020869 0.030593
20 0.578000 0.740677 0.019644 0.031847
0 0.560813 0.680337 0.027007 0.038553
0 0.499878 0.265133 0.029160 0.035267
0 0.550776 0.323800 0.026602 0.038760
26 0.607043 0.222883 0.020464 0.030380
0 0.672136 0.317167 0.028901 0.040160
22 0.711777 0.252913 0.029922 0.041560
22 0.724565 0.489150 0.029922 0.043300
22 0.502437 0.505387 0.014326 0.017813
0 0.685947 0.670560 0.029414 0.040160
20 0.671877 0.733240 0.022251 0.030027
27 0.624307 0.773573 0.033506 0.049240
22 0.513945 0.739877 0.025068 0.032127
23 0.478779 0.684527 0.021738 0.033173
0 0.730063 0.726080 0.031201 0.043653
20 0.742085 0.791210 0.024551 0.032127
20 0.777893 0.733763 0.026597 0.029687
21 0.856809 0.680627 0.021001 0.029547
25 0.845991 0.502063 0.041367 0.058220
21 0.965320 0.516400 0.019097 0.029547
21 0.866992 0.258330 0.018457 0.031287
21 0.278306 0.985423 0.022275 0.029153
20 0.560044 0.256267 0.018721 0.028493
20 0.653655 0.253333 0.017495 0.029333
21 0.484824 0.906550 0.025459 0.033020
20 0.489915 0.197070 0.019097 0.028673
20 0.450322 0.251867 0.019033 0.029747
21 0.966594 0.923057 0.020366 0.029540
21 0.122383 0.441240 0.021006 0.030413
21 0.030100 0.200547 0.021001 0.030413
21 0.200647 0.007500 0.020972 0.015000
