0 0.436675 0.264390 0.033750 0.041953
0 0.624768 0.675067 0.029839 0.039773
0 0.498413 0.683313 0.028594 0.038800
20 0.447429 0.816447 0.021831 0.033467
20 0.515979 0.744420 0.020073 0.031040
22 0.441511 0.507480 0.011509 0.016760
21 0.913892 0.518837 0.022100 0.030673
21 0.911130 0.925893 0.020259 0.030173
25 0.298098 0.634493 0.029468 0.038720
21 0.139763 0.006490 0.021978 0.012980
0 0.488450 0.323927 0.027886 0.037347
26 0.548215 0.224987 0.021313 0.030067
20 0.500366 0.259057 0.018291 0.029340
20 0.701230 0.241477 0.020781 0.027647
22 0.652651 0.254327 0.028418 0.038800
20 0.665989 0.438387 0.021313 0.029587
22 0.667056 0.493193 0.030908 0.044133
20 0.671035 0.542783 0.021846 0.029833
20 0.404792 0.761770 0.020425 0.030327
20 0.611375 0.736663 0.020073 0.029100
20 0.681797 0.796317 0.022734 0.030073
20 0.720874 0.737877 0.020605 0.030073
21 0.815188 0.259367 0.022095 0.029667
25 0.793459 0.506517 0.041987 0.053300
21 0.220203 0.989097 0.023940 0.021807
21 0.236409 0.690310 0.022466 0.032687
21 0.065149 0.444667 0.022466 0.030173
20 0.427988 0.198917 0.018115 0.028860
20 0.389714 0.253600 0.018296 0.028133
20 0.659861 0.189340 0.019360 0.029587
20 0.439248 0.449297 0.020781 0.027647
0 0.612263 0.318347 0.028950 0.040253
23 0.417244 0.687070 0.020073 0.029340
22 0.452590 0.745997 0.022202 0.027887
27 0.564751 0.778010 0.036592 0.051167
0 0.670520 0.730237 0.032505 0.041473
20 0.442920 0.557240 0.020459 0.029680
21 0.803035 0.684777 0.021362 0.032687
21 0.422766 0.910810 0.023940 0.034193
25 0.295151 0.537693 0.047139 0.065373
20 0.593704 0.254573 0.018472 0.029587
