20 0.380007 0.250610 0.016880 0.026820
20 0.416531 0.196133 0.019946 0.029333
21 0.985244 0.176227 0.018721 0.026400
21 0.773625 0.255640 0.019644 0.029333
21 0.857107 0.497003 0.017798 0.026820
21 0.994695 0.581443 0.010610 0.023887
21 0.754905 0.647650 0.019644 0.024727
21 0.844524 0.858217 0.019028 0.025980
21 0.600681 0.989870 0.021177 0.020260
21 0.411467 0.860733 0.023325 0.029333
21 0.220105 0.940143 0.019946 0.028913
21 0.231309 0.658963 0.021484 0.030593
25 0.288240 0.605747 0.030386 0.039813
25 0.285938 0.513767 0.041738 0.057827
21 0.058945 0.425057 0.023633 0.031847
20 0.635669 0.192990 0.019951 0.028073
20 0.637510 0.427863 0.021787 0.027660
20 0.427119 0.436243 0.022715 0.027660
0 0.474231 0.319750 0.023628 0.033527
0 0.590090 0.315560 0.027622 0.038547
22 0.627383 0.253123 0.027930 0.038553
20 0.673113 0.242227 0.020562 0.029333
20 0.485125 0.256683 0.019028 0.028913
0 0.425737 0.260457 0.031611 0.039807
23 0.529629 0.223580 0.019639 0.028080
20 0.573518 0.253540 0.019028 0.029333
0 0.598379 0.645137 0.025781 0.035620
0 0.482363 0.653727 0.026396 0.036880
23 0.405789 0.658337 0.021792 0.025980
20 0.431416 0.537233 0.023330 0.029333
20 0.639658 0.524243 0.019951 0.028500
22 0.635974 0.476683 0.029155 0.039807
22 0.427427 0.489673 0.014121 0.018853
27 0.541750 0.737743 0.029771 0.042327
20 0.584875 0.701077 0.019644 0.025140
20 0.649480 0.753667 0.017495 0.025560
20 0.682473 0.699823 0.020259 0.026820
0 0.639043 0.695840 0.024248 0.035613
25 0.749075 0.486110 0.036216 0.051967
20 0.498630 0.709250 0.018413 0.028073
20 0.435408 0.775667 0.019028 0.027653
20 0.396274 0.727687 0.017490 0.024720
22 0.438936 0.711767 0.030381 0.038133
