21 0.381958 0.189060 0.034398 0.046925
21 0.215711 0.577993 0.030569 0.049000
21 0.424759 0.867343 0.035930 0.050060
21 0.018129 0.985806 0.034398 0.028388
25 0.780181 0.860045 0.071083 0.093851
25 0.813813 0.982560 0.049683 0.034403
20 0.990793 0.812075 0.018414 0.045881
20 0.960569 0.661933 0.029803 0.039627
22 0.980066 0.733881 0.022932 0.031284
20 0.825662 0.411679 0.029048 0.037537
20 0.863879 0.307933 0.027516 0.040672
20 0.984644 0.349642 0.029048 0.042746
0 0.897894 0.397082 0.040514 0.056313
20 0.982768 0.452351 0.034464 0.052134
