21 0.259863 0.060694 0.029639 0.041030
21 0.432588 0.315634 0.027429 0.038015
21 0.092440 0.366022 0.028315 0.037418
21 0.181346 0.590799 0.029190 0.035597
25 0.078725 0.502388 0.058392 0.076030
25 0.138660 0.706052 0.056182 0.071806
21 0.208993 0.950134 0.025208 0.031373
21 0.736472 0.862634 0.028304 0.036194
21 0.947686 0.744970 0.028742 0.036209
21 0.692462 0.545545 0.029628 0.038015
23 0.900356 0.522910 0.029639 0.031373
20 0.898807 0.611313 0.030088 0.036806
20 0.956751 0.655664 0.026543 0.038612
20 0.907877 0.378090 0.026980 0.041045
20 0.886198 0.255291 0.027867 0.033179
20 0.787341 0.036552 0.029190 0.039821
20 0.924021 0.011940 0.027429 0.023881
0 0.848829 0.027500 0.043348 0.049478
0 0.920263 0.095388 0.039365 0.053701
22 0.897702 0.310806 0.041138 0.052507
0 0.988107 0.496963 0.023786 0.048284
22 0.953217 0.576612 0.035383 0.048269
25 0.728430 0.361910 0.061149 0.073851
