21 0.146685 0.538246 0.031926 0.052552
21 0.472314 0.784612 0.036269 0.050687
21 0.805870 0.979679 0.034344 0.040642
25 0.502708 0.533433 0.066882 0.085433
25 0.543578 0.667030 0.045646 0.058657
20 0.547774 0.083187 0.026007 0.034761
20 0.683392 0.333724 0.029716 0.046343
20 0.708342 0.022358 0.031849 0.039104
20 0.992970 0.182746 0.014059 0.042716
20 0.719989 0.483582 0.031794 0.040597
20 0.730897 0.790634 0.027068 0.037657
20 0.806537 0.843127 0.029726 0.038373
20 0.880848 0.705910 0.028654 0.042000
23 0.723468 0.681657 0.034508 0.047075
22 0.793528 0.742485 0.046182 0.057209
0 0.838649 0.618299 0.044059 0.056478
27 0.961264 0.722933 0.051477 0.065896
22 0.701969 0.405410 0.019103 0.030403
0 0.618900 0.070507 0.041937 0.058657
0 0.709666 0.126634 0.042987 0.057925
0 0.881111 0.039381 0.046182 0.060104
