21 0.193463 0.238545 0.036313 0.043537
21 0.861472 0.162328 0.028129 0.033313
21 0.828829 0.510985 0.023348 0.042716
21 0.955957 0.791216 0.023884 0.035478
25 0.811313 0.808597 0.047768 0.070239
25 0.820870 0.909604 0.038217 0.046343
21 0.835941 0.992985 0.024201 0.014030
25 0.229245 0.970396 0.052867 0.059209
20 0.357270 0.590172 0.026116 0.033896
20 0.319371 0.669246 0.024212 0.037358
20 0.404404 0.880828 0.027385 0.038224
20 0.454409 0.643172 0.022932 0.035627
20 0.563326 0.615806 0.029300 0.038239
20 0.640394 0.521963 0.024201 0.034761
20 0.692626 0.574537 0.024201 0.039104
20 0.664918 0.810881 0.027385 0.042567
20 0.675427 0.926015 0.029300 0.034746
22 0.411411 0.937306 0.032495 0.043448
22 0.667473 0.865627 0.035033 0.056478
26 0.506953 0.585396 0.027385 0.036493
22 0.634984 0.598433 0.032484 0.048657
0 0.376379 0.660560 0.040131 0.046045
0 0.445170 0.726597 0.032484 0.047791
0 0.590717 0.689664 0.036947 0.050403
