21 0.207795 0.669664 0.027429 0.035000
21 0.472002 0.781716 0.029190 0.033791
21 0.005766 0.791067 0.011532 0.035597
21 0.642391 0.305597 0.028020 0.037224
21 0.774683 0.066493 0.028753 0.038716
21 0.803474 0.546716 0.027276 0.038716
25 0.624989 0.205687 0.037593 0.055821
25 0.610060 0.089522 0.061565 0.086000
20 0.422073 0.100336 0.025438 0.034194
20 0.441236 0.224791 0.025427 0.037701
20 0.529338 0.429955 0.020274 0.031672
20 0.396455 0.453336 0.025799 0.041239
20 0.490263 0.500851 0.024705 0.035701
20 0.284765 0.485769 0.025066 0.035716
20 0.217489 0.581560 0.022484 0.034194
20 0.159256 0.533791 0.026171 0.037224
23 0.162199 0.447806 0.029125 0.036209
20 0.169573 0.300970 0.026171 0.033194
20 0.145799 0.179030 0.028009 0.041731
22 0.159617 0.237619 0.040919 0.050284
22 0.429809 0.157157 0.043862 0.056313
0 0.179447 0.021172 0.036094 0.042343
0 0.255886 0.423582 0.038228 0.054299
0 0.402653 0.378694 0.034497 0.047060
0 0.467670 0.423582 0.037155 0.054299
27 0.347451 0.506134 0.045120 0.057194
22 0.212358 0.499985 0.040339 0.047791
