21 0.143496 0.423321 0.021127 0.037836
21 0.217626 0.673291 0.022932 0.037537
21 0.446931 0.327112 0.025985 0.039627
21 0.281444 0.064351 0.022166 0.039627
21 0.715596 0.577366 0.026751 0.045866
25 0.741964 0.335455 0.061149 0.087597
25 0.130870 0.574239 0.054278 0.087582
25 0.182462 0.809373 0.055033 0.088627
22 0.900952 0.224933 0.039737 0.056313
20 0.872670 0.150373 0.035164 0.044836
20 0.911269 0.301567 0.026761 0.046925
20 0.923118 0.606560 0.033632 0.047955
23 0.918917 0.499164 0.032867 0.047970
22 0.979141 0.558075 0.041718 0.069851
20 0.990224 0.665993 0.019551 0.050045
21 0.992516 0.801030 0.014967 0.049015
21 0.787916 0.986530 0.032287 0.026940
