20 0.102434 0.132201 0.030514 0.043448
20 0.262998 0.354560 0.030525 0.038015
20 0.305908 0.511724 0.028753 0.045806
20 0.447008 0.776045 0.034059 0.044657
20 0.408085 0.885567 0.034945 0.047672
20 0.280689 0.832164 0.028753 0.042239
20 0.147768 0.888276 0.030963 0.041030
27 0.229606 0.910612 0.053961 0.070000
22 0.065722 0.919060 0.042910 0.059134
20 0.007981 0.960090 0.015963 0.048269
23 0.008643 0.856903 0.017287 0.049478
0 0.101772 0.803201 0.045120 0.057925
0 0.278479 0.722940 0.042910 0.065164
0 0.375131 0.785701 0.049540 0.063970
22 0.288211 0.431187 0.046444 0.065776
0 0.142467 0.213052 0.040689 0.057925
22 0.190897 0.086642 0.047330 0.064567
20 0.251275 0.035045 0.030077 0.043433
26 0.034978 0.118015 0.030088 0.041642
25 0.524628 0.338866 0.074311 0.109343
25 0.565235 0.485500 0.051477 0.063716
21 0.607434 0.621993 0.040339 0.049955
21 0.743053 0.270075 0.040875 0.057194
21 0.891094 0.953470 0.042035 0.057358
