21 0.038337 0.023179 0.028359 0.032746
21 0.011658 0.580440 0.021018 0.030403
21 0.338419 0.622149 0.027385 0.040836
21 0.229814 0.907157 0.021663 0.035627
21 0.501800 0.861978 0.026751 0.044313
25 0.767724 0.911067 0.057965 0.076463
20 0.919644 0.931052 0.026751 0.038224
20 0.890974 0.804627 0.024201 0.037373
20 0.777276 0.582612 0.028665 0.039970
20 0.911039 0.543507 0.029934 0.039970
20 0.806898 0.497022 0.024212 0.033896
26 0.966138 0.471388 0.030569 0.039970
0 0.908496 0.636485 0.043950 0.052134
0 0.839387 0.567410 0.047133 0.053000
22 0.907221 0.864142 0.041400 0.060821
21 0.426061 0.343575 0.029934 0.030403
21 0.584984 0.160231 0.031849 0.037358
