20 0.119951 0.529724 0.026532 0.035597
20 0.044311 0.630201 0.026543 0.041030
20 0.229431 0.501672 0.028753 0.036209
20 0.317232 0.560201 0.027418 0.037418
20 0.353944 0.482657 0.029201 0.036806
20 0.285383 0.255776 0.026543 0.035612
20 0.272336 0.126343 0.026094 0.030179
20 0.017549 0.311291 0.029628 0.039209
22 0.011980 0.241299 0.023961 0.047672
22 0.273884 0.191813 0.034508 0.048881
0 0.244912 0.416284 0.039365 0.050090
0 0.098058 0.450679 0.038479 0.054910
22 0.043430 0.544515 0.042462 0.045866
0 0.297987 0.479037 0.039365 0.052493
27 0.176794 0.559000 0.039365 0.061552
21 0.439535 0.396978 0.022549 0.041627
21 0.577101 0.666709 0.026105 0.044045
21 0.280520 0.893590 0.027429 0.040433
21 0.019551 0.753201 0.032254 0.043567
21 0.554054 0.175313 0.024322 0.039164
21 0.741160 0.263075 0.026105 0.038627
21 0.980016 0.582351 0.021674 0.035000
21 0.997024 0.954813 0.005952 0.023239
25 0.965553 0.219224 0.044234 0.066627
25 0.942637 0.024590 0.045011 0.049179
25 0.414852 0.185299 0.048217 0.072418
