0 0.079721 0.123866 0.034300 0.045403
0 0.217686 0.084060 0.030208 0.041910
0 0.272598 0.127881 0.034037 0.048537
27 0.157795 0.203239 0.040339 0.055761
20 0.102593 0.186590 0.024420 0.035478
20 0.034387 0.276731 0.024945 0.036209
20 0.205832 0.155813 0.023895 0.037657
20 0.286510 0.193828 0.027068 0.035478
20 0.326056 0.129381 0.023359 0.034045
20 0.007894 0.016664 0.015788 0.031179
22 0.033299 0.199448 0.039442 0.051791
21 0.018479 0.367351 0.028315 0.035000
21 0.254283 0.461843 0.025656 0.037418
21 0.191034 0.725843 0.029201 0.040433
21 0.515263 0.666403 0.025646 0.038627
21 0.544234 0.234955 0.024333 0.036209
21 0.952287 0.128157 0.022998 0.032582
21 0.911811 0.539985 0.025219 0.033194
21 0.842588 0.860403 0.028304 0.034388
21 0.416116 0.018530 0.025624 0.034612
