21 0.390077 0.057612 0.028665 0.038239
0 0.130832 0.493813 0.038862 0.053866
0 0.181789 0.944351 0.042681 0.058224
0 0.020667 0.969985 0.041335 0.057343
26 0.041975 0.383455 0.030580 0.043448
20 0.103446 0.420381 0.028665 0.035627
20 0.182746 0.341746 0.028031 0.041701
20 0.236882 0.403881 0.029300 0.047791
20 0.209491 0.650649 0.031849 0.046045
20 0.224141 0.786642 0.026751 0.046925
22 0.212363 0.724075 0.035033 0.055612
25 0.366187 0.740590 0.048414 0.074731
22 0.177708 0.426470 0.044584 0.059955
21 0.364661 0.435590 0.024836 0.038224
21 0.623835 0.332194 0.024847 0.033015
21 0.759825 0.592000 0.019103 0.038239
21 0.923211 0.459485 0.021018 0.037358
25 0.914923 0.646739 0.047768 0.073000
25 0.949962 0.850067 0.050317 0.076463
21 0.715558 0.874396 0.024836 0.036493
21 0.511411 0.760567 0.022932 0.039970
21 0.396761 0.979537 0.028031 0.039970
21 0.848249 0.105522 0.022560 0.036209
