21 0.576860 0.017642 0.028731 0.035284
21 0.360011 0.272925 0.029300 0.047791
21 0.420202 0.537082 0.029945 0.046045
21 0.696324 0.304642 0.030569 0.039970
1 0.062867 0.410657 0.051597 0.066030
25 0.324973 0.409784 0.067516 0.100791
25 0.351411 0.663507 0.064333 0.095582
21 0.052358 0.915493 0.014015 0.039970
24 0.042801 0.841642 0.016565 0.055612
21 0.386127 0.988597 0.034398 0.022806
21 0.951740 0.955903 0.024201 0.042582
21 0.923397 0.587478 0.026116 0.040836
25 0.962254 0.417172 0.052867 0.101657
