21 0.010531 0.071231 0.021061 0.043448
21 0.325470 0.294254 0.027068 0.042000
21 0.514973 0.067254 0.026007 0.039821
21 0.447030 0.582813 0.026007 0.039836
21 0.111028 0.550231 0.029190 0.045627
25 0.071488 0.686724 0.063698 0.098493
21 0.169152 0.813448 0.029726 0.042000
25 0.100148 0.938716 0.062637 0.095582
21 0.671554 0.863769 0.026018 0.041269
25 0.710038 0.688530 0.056269 0.089060
22 0.884141 0.623731 0.027604 0.047791
22 0.929787 0.889470 0.031849 0.052134
23 0.892631 0.824306 0.021236 0.037657
20 0.900328 0.902142 0.022823 0.038373
20 0.943058 0.960075 0.030777 0.036925
20 0.989573 0.880784 0.020853 0.034761
0 0.974639 0.806925 0.036630 0.046328
20 0.902987 0.678396 0.020700 0.029687
20 0.883873 0.566164 0.022823 0.031134
20 0.807702 0.357254 0.025470 0.033313
20 0.832916 0.305851 0.028129 0.039104
20 0.905908 0.367037 0.028665 0.038373
20 0.986050 0.365948 0.023348 0.037657
0 0.908025 0.427134 0.040339 0.051403
0 0.846187 0.369201 0.031324 0.047060
26 0.935093 0.332634 0.025481 0.043448
