25 0.794923 0.140343 0.088053 0.117612
21 0.816931 0.538873 0.047691 0.068821
20 0.028129 0.249828 0.042188 0.063806
20 0.036384 0.827903 0.047691 0.068821
20 0.190930 0.672127 0.046783 0.065060
20 0.402352 0.654604 0.047702 0.067567
20 0.559190 0.789119 0.044026 0.071313
20 0.642664 0.655231 0.058698 0.068821
20 0.534891 0.224179 0.054114 0.072567
22 0.022161 0.142224 0.028435 0.041284
22 0.517462 0.105306 0.070635 0.097597
0 0.435832 0.513216 0.068796 0.085090
0 0.154699 0.533866 0.060536 0.088836
0 0.533512 0.642097 0.066039 0.107597
27 0.294579 0.740321 0.083468 0.123866
22 0.045093 0.669000 0.057779 0.068806
