21 0.110607 0.342239 0.027735 0.039642
21 0.434201 0.180075 0.025098 0.043254
21 0.671280 0.033224 0.036980 0.045045
25 0.624393 0.270164 0.067363 0.111701
25 0.626373 0.534134 0.071324 0.095493
21 0.321931 0.498097 0.027735 0.041448
21 0.094759 0.880075 0.025098 0.041433
21 0.603922 0.980978 0.029048 0.037836
21 0.743266 0.653045 0.030383 0.045045
21 0.891854 0.454843 0.031696 0.052254
21 0.961854 0.421888 0.015853 0.043985
21 0.961198 0.687284 0.014519 0.041433
21 0.961854 0.903500 0.013206 0.041448
1 0.886575 0.213410 0.058118 0.073866
24 0.958873 0.591500 0.013807 0.063000
