20 0.105875 0.088858 0.044333 0.057358
20 0.020454 0.217634 0.040908 0.064642
20 0.264475 0.222321 0.042035 0.063597
20 0.468939 0.213985 0.042801 0.059433
20 0.617221 0.068007 0.042801 0.067776
20 0.704743 0.185306 0.042046 0.062552
20 0.622194 0.617507 0.042046 0.061522
20 0.131482 0.641493 0.049683 0.069851
20 0.142943 0.872448 0.046630 0.072985
20 0.632133 0.847425 0.043567 0.056313
22 0.625635 0.732731 0.058096 0.085493
22 0.136067 0.761403 0.026751 0.042746
0 0.128042 0.240052 0.062670 0.086552
0 0.235815 0.368821 0.056554 0.087582
0 0.509081 0.354239 0.058862 0.075104
25 0.896072 0.756575 0.093632 0.125119
21 0.953714 0.212619 0.048414 0.067776
22 0.600793 0.210433 0.061149 0.089672
26 0.368430 0.149440 0.047385 0.067776
