25 0.710514 0.209619 0.084530 0.117119
21 0.724382 0.574507 0.046225 0.064836
21 0.952216 0.233955 0.039617 0.064866
20 0.019776 0.860075 0.039551 0.063075
20 0.150492 0.707821 0.039628 0.064866
20 0.345968 0.692507 0.042265 0.066657
20 0.488621 0.807821 0.036980 0.063075
20 0.565219 0.696112 0.047549 0.066672
20 0.470788 0.297910 0.040941 0.066657
20 0.465503 0.075388 0.046236 0.061254
22 0.459557 0.182597 0.060755 0.091881
0 0.115492 0.585299 0.059431 0.090090
0 0.375689 0.560075 0.067352 0.086478
22 0.025717 0.718634 0.051433 0.068463
27 0.248233 0.772687 0.073972 0.104507
