25 0.215875 0.571784 0.099059 0.138731
25 0.221154 0.774493 0.059442 0.093701
21 0.093042 0.903313 0.051510 0.070269
20 0.534185 0.624940 0.046225 0.064866
20 0.527566 0.396993 0.043556 0.066612
23 0.476067 0.904216 0.056794 0.068463
0 0.652396 0.895209 0.060766 0.093701
0 0.923824 0.876291 0.056794 0.088284
0 0.519590 0.019679 0.067495 0.039358
0 0.627960 0.124037 0.067363 0.086493
0 0.899382 0.110530 0.060755 0.088284
20 0.892784 0.988142 0.052834 0.023716
22 0.530224 0.513231 0.035656 0.046851
