21 0.266061 0.389806 0.048862 0.063075
21 0.670914 0.842963 0.050142 0.072075
20 0.634568 0.543858 0.046225 0.064851
20 0.719754 0.653769 0.034344 0.068463
20 0.865706 0.504216 0.040952 0.061269
25 0.394179 0.270888 0.059431 0.081090
25 0.391537 0.068328 0.104344 0.136657
20 0.712495 0.115030 0.040941 0.072060
22 0.708534 0.015172 0.033020 0.030343
23 0.656357 0.388000 0.047549 0.070269
22 0.729661 0.500619 0.064726 0.082881
0 0.827402 0.378090 0.056794 0.090090
27 0.961461 0.565478 0.071324 0.100896
