25 0.209371 0.699530 0.107319 0.147657
25 0.215328 0.909739 0.066039 0.100104
20 0.541187 0.742239 0.050186 0.084687
22 0.539201 0.631425 0.025098 0.046851
0 0.668643 0.980575 0.072648 0.038851
0 0.954590 0.976075 0.079245 0.047851
20 0.531220 0.498246 0.049048 0.068642
20 0.421663 0.060299 0.041400 0.072119
0 0.529311 0.086373 0.071969 0.089493
0 0.640142 0.216276 0.064333 0.083418
20 0.669103 0.071604 0.047177 0.075597
26 0.776105 0.016030 0.053567 0.032060
20 0.877090 0.061604 0.046499 0.067776
0 0.917538 0.209754 0.062429 0.091239
22 0.987752 0.055963 0.024497 0.091239
